0.0	0.0	0.0	0.0	0.0	0.0	0.0	0.0	0.0	0.0	0.0	1.0	-0.0392134566547213	-0.0800470365934842	0.0565062399866036	-0.0032316833598006	-0.0026719855975994	-0.0031168367052058	0.0	-0.2615782047839395	1.1350020099133555	3.5145919317824643	-2.9333647961698945	0.5470841888777137	1.8380623458000471	-0.3267862894955662	-0.1192329769263411	2.9526039787201004	2.161693740954421	1.077095045019989	0.2121910553721301	-1.5472418007931354	2.695886183921352	2.3265424572279034	0.2812292271319689	-2.16340926504137	0.5479454685637676	-0.9033821822165978	-0.9029540324202576	1.4786459274594612	2.4509222093512584	1.442675309778252	-1.4969410602006183	-0.3522289399220907	1.8881249853797424	-2.1454690137948256	-0.0911257758643167	5.745949691730468	2.1114385742311974	-3.5553455453488447	0.7601901036106109	0.3088200206327426	1.6418745342202905	-0.5976886398432092	-1.4728779894035358	0.6938023334909059	1.5583220026726174	0.6216317482040361	0.5560029034515392	1.552757053880168	0.4549729666022673	1.1494124678172557	-0.0970572355893692
-0.0468035663	0.0135267978	-0.1402616701	0.0218898272	0.0398530478	-0.1746558847	0.091475895	0.0914699679	0.0914600897	0.0914462607	0.0914284817	0.0	-0.0370918108835951	-0.0736821486331109	0.0465165756391598	-0.0033691791253201	-0.0022771085680048	-0.0032088539500096	0.0496957000748383	-0.3361453157354896	0.6639664007971814	1.8549687325496875	-2.6990618428022777	0.0305484852709859	1.041095552813856	-0.1029425845835101	-0.3483426214886224	1.7150486230839554	-0.7938076124503494	1.054936631251346	0.6140981630721885	-1.6407731383349662	2.092558765270401	1.6695955790836252	0.6658645876228151	-1.1719491349447784	0.5315512864591222	-0.7950912981803226	-0.8592301354784603	0.8632750193933675	2.503509816434147	-0.1654891974557981	-1.296732566418149	0.8279226349332589	-0.0024978334207899	-1.869946665106744	0.0572981217070849	3.5765294546593074	1.298883620793696	-2.0265363434758066	-0.3561207276145168	0.6854058430658122	0.9699936674460168	-0.442002530804722	-1.2562309879457545	0.0530748083180608	0.9566658235593382	0.7923451251916521	-0.9904128695571583	1.4679999848486314	0.7989849692757633	1.9483406180227325	-0.6874791473996542
0.0337162539	0.0500465386	-0.1060467806	0.0414910554	0.0916164001	-0.0414518685	0.0914600897	0.0914067533	0.0913178824	0.0911935115	0.091033689	0.0	-0.0375422421828659	-0.033487173628643	0.1715971192565888	-0.0024644255479261	-0.0030645628869341	-0.003208790202077	0.2503395321339626	-0.1242397339179126	-0.2379689870626355	1.2747315020564034	-2.949036732739237	-0.3748591065571852	0.1273896897681082	0.507033882154355	0.7870438272248683	0.1088652800915099	-0.2185137817876013	1.6639725020355425	0.3782745754714764	-1.9566944197837752	0.6047278897345234	0.4079467651313654	0.5648032123834685	-0.0151292433794202	0.5457914943631323	-1.12190094795196	0.4540492314001837	-1.9169951652570272	2.0692280216721857	0.3367784466862117	-0.9603657480479196	1.3751417640825965	-0.3813800030837812	-2.044857978127508	-0.110248430610283	4.404560667080734	-0.1876247987634423	-0.953187501176004	-0.8245736425353363	0.3126303960553941	-0.322044344598958	-0.8530706919185557	-1.0530996635712693	0.4315854299824974	-0.2431471532321938	0.3398429612929776	0.8997521569181534	-0.0258404989396395	-0.4749577836562292	0.4920928668692499	-0.0018138449929303
0.0115848898	0.0739682429	-0.1115480005	0.0073912417	-0.0317735714	-0.0383635118	0.0914284817	0.0912803678	0.091033689	0.0906887116	0.0902458083	0.0	-0.0309462934766031	-0.0708410386408502	0.1032149145616614	-0.0019557147145629	-0.0020409116678745	-0.0026530038516231	0.2167394385572323	-0.152378637464341	0.4174843306245825	0.4918036415563335	-2.8286371259739944	1.898278116917581	0.5814908918395154	1.2938490433867258	-1.016622701497473	0.8831692587384457	0.5445756443985926	2.190191492439258	0.9105460568025544	-2.064390950257602	0.5186898918849072	1.2053621832342931	0.1841552569072929	-1.1678204305578863	-0.0502908360629808	0.3901813581491603	0.7121880437524805	-0.6969777787465361	0.1316667708977623	2.074101358647736	-0.1461673236383255	1.1961094530275016	-0.948061800773254	-1.9105958182837808	0.1689205965147546	3.498480770290377	0.6226649268097643	0.4205846496488349	0.7506823641315418	1.3117182235875582	0.108837374952706	-1.0358698382499116	-0.2422420676374206	-0.7476833253173132	0.3316152459873452	0.3600619538016753	0.3808542814950241	2.0228194754484057	0.627322416143873	0.3334964475848586	-0.510776828051528
-0.0372702924	0.0693123034	0.0041823059	0.0562415918	0.0395368987	0.0463503264	0.0913810765	0.0910908987	0.0906079513	0.0899332563	0.0890682417	0.0	-0.016191135558202	-0.0684215585387164	0.1185956866094954	-0.0017825729736383	-8.002350473401698e-05	-0.0016570688974882	0.189053652978368	-0.1405112370338468	-0.0909590744561641	-0.0860060717535153	-2.74710591771528	-2.0653532629002025	1.2731761711481548	1.4720088440928172	0.8882381584341074	0.1820964626780077	-0.220502073190607	1.174581503538744	0.0821396607628899	-2.3124252270319485	0.5901307400781224	0.430378913051518	-0.9822779565900648	0.1436536809402304	-1.024189712619577	1.8712267518471208	0.1078920345075362	-2.692131985948221	-1.9053627910389872	0.8935107847637048	0.3793309425937886	0.8562076338204597	-0.3202426494661803	-1.7048864881199948	-0.0865563956199904	2.3031305752368425	-1.0017563150486075	0.5968686414622014	0.703009977621888	-0.7103584950762369	2.989613526807169	-1.4583177453667568	-0.5191449710464523	-0.1728708983928345	-1.923022840382452	1.042876223289726	1.0388046485039275	-0.2539009602912752	-0.7485281789212985	-1.2099005746782072	-0.6612691284222605
0.1053636399	0.0926696238	-0.1066852397	-0.0017527384	-0.0001572233	0.0516944836	0.0913178824	0.0908384769	0.0900413312	0.0889292336	0.0875060741	0.0	-0.0452284719244886	-0.0658837170822295	0.0595923241791069	-0.0020043456729235	-0.0002719851534662	-0.0025092774057465	0.1538756830669461	0.2004792560425398	1.6259090641701432	-0.236378935451303	-2.019501138224323	6.295447815157329	-0.8806288141276758	1.2730802738095608	0.7620232396830545	0.4207261140205878	1.4599672534880883	1.2957008690202014	-1.4790767596212222	-2.0092834045321246	2.324929903908832	1.3134119235287085	-0.8788897915346969	-0.2851933203780286	-1.9610590199271416	-0.5408124146700127	-0.9419657027202636	-2.5623977163129266	-0.7720793416191613	0.1675139533699421	0.5859417609599825	-0.0535471132148383	-2.7383137671853968	-2.47669250280524	0.5718964086831738	2.1561980219439025	-0.9948579692178732	0.3420674843693019	2.651014068279626	-0.5794766112940537	-0.8348321498936899	-1.8683491333736209	-0.766454918735039	2.827749191567969	-3.263615308863733	1.1867351155462202	0.1271748419372411	-0.5626857632367973	0.8941200312280003	1.090378897843659	-0.3850385744148272
-0.0939763569	0.0797215846	0.0212543494	0.0219697953	0.0300391103	0.0696708347	0.0912389102	0.090523277	0.0893347099	0.0876794186	0.0855660509	0.0	0.0001838596418366	-0.0690066686124311	0.0359966106279756	-0.0011679617951697	-0.0010099674976677	-0.0009130904666239	0.2306586547015531	-0.1408827708179336	-0.6709043475101119	-0.1930693982462689	-1.6469183772848854	-1.507586904663652	1.8932036328419324	0.0501953579231373	1.138467805553909	-0.1267413008261034	0.334953749814474	0.8732206540553806	4.451994376429682	-1.9862583531873743	-0.3890984296786913	-1.1486565089000085	-1.7693844511959884	-0.6274261807763845	-1.7686358066661534	0.9648381079516162	-0.2141858874904526	-2.252410787436322	1.3378415366414909	-2.222427086044	1.0719326487054457	0.1168996073677787	0.5561560194513676	-2.453332106285385	2.3136874766075075	0.194154908146718	-0.3351649804284572	-0.8190006424208484	1.332798433372833	-1.0562707302636791	2.9242260233768764	-0.8660169378141321	0.1664531353192055	-1.3609084689948596	0.0129310846914383	2.745610631446381	-6.204030740624572	-0.1616655477792112	0.8020574440249738	-0.1613331857715892	1.127733714835398
0.1166562746	0.0762435383	0.1009770195	0.0127472151	0.0787990515	-0.0265399724	0.0911441736	0.0901455167	0.088489186	0.0861872655	0.0832565493	0.0	0.0458226525351364	0.0129566055257868	0.0807843452132175	0.0006209366759008	-0.002055823671184	-0.0010348623887532	0.3202161299525646	-0.3286143324499607	1.0496003863887404	-0.1354056245560331	-1.9111638201583336	-0.1502328859185969	-1.6631560005940915	-0.9005787633058917	0.4378700046472462	-1.158393435505477	1.8129480870170356	1.216986302409667	0.861877995266039	-2.419192185684346	-1.2254081865309665	1.615639558176349	1.6063614270322042	0.2162651651294687	-1.9922718763015677	-1.4963427533668134	2.763718243419279	-2.6947961028699905	-1.849422193534876	-0.3413679096453884	0.9029863342980976	0.058679644770261	0.045403965115488	-2.4878469064834894	1.528499037955099	-0.077334664408235	-1.4116347201952688	-3.210087112030785	0.9762711919658869	-1.5028146614425826	0.6325083891058388	0.4061088569011749	-1.6232055381395991	0.7027060380002128	-2.326116342988997	-0.4467974812837557	-1.867842647187972	2.269053115548583	2.1692607292489203	-3.554514874993212	2.874799950167588
-0.0479335185	0.0378233326	0.0436087045	-0.0351724961	-0.0193153292	-0.009979766	0.091033689	0.0897054572	0.0875060741	0.0844568986	0.0805875418	0.0	0.0266662027408983	-0.0352663535520179	0.0052933436267892	0.0004111001194208	-0.0014612543642975	-0.0012322008236395	0.192957625371111	0.3047369340340685	-0.4043180669597702	-0.2940918569941331	-1.94326440419112	1.3646000002709822	1.262629008579908	-1.2749371061184156	3.426686917674486	0.3403465711684201	1.3425192167036932	0.2451834047459683	0.9047330263514134	-2.303309445591709	-1.1410621233640843	0.447717136618824	-0.3003174712448251	-0.0168033035188052	-1.735030885287499	-0.7776915209322416	0.5124550206585018	0.2704298941315196	-0.3928217380577711	-0.6099347787130346	0.9394956711154604	-0.0270706123331859	-3.465404070283161	-2.0602896383684888	-0.784604389831528	0.0875142766804648	-0.0834196435760188	-0.9009367195110988	-2.211233728578053	-2.376359576451692	-1.2484553832367693	-0.2383953135002453	-1.99854871706691	0.8739992891193256	1.335676086684925	0.0219609632544333	0.2894004181801795	1.1626858207802224	1.9759622758077109	1.2982209951379786	0.1021161744897938
-0.0134217573	0.0471817401	-0.0109475408	-0.038544439	0.0851752837	0.0309973828	0.0909074754	0.0892034024	0.0863869029	0.0824931004	0.0775705533	0.0	0.0003839265118159	-0.0882282823348248	0.0305526813686611	-0.0001278586605843	-0.0006409286121178	-0.0011190410554849	0.1781257577707312	-0.0763103624514602	-0.989305595141644	1.124431589250665	-1.6581406624290935	-2.459914002618702	-0.2772935346115645	-0.3032618735757259	7.581359302990475	0.2539269096513499	-0.4503169551472569	1.0209061288880854	0.8377925883867019	-1.6933141022589415	-0.0888023203244137	-0.4865111242022645	-0.0020861248623601	0.8188828363928012	-1.8091284272834387	1.7436658440540982	-1.861281618893896	0.8807241690876506	-1.120218589095133	-0.8234947815067266	0.9592958145511732	0.096216782992299	-0.1301670946981154	-2.262195527743092	0.0396582931464393	-0.0038148670940677	0.1552971141378208	1.0805840233813555	0.4597613923067685	-0.1464825048206181	0.1628466002227213	-0.6150767713375073	-0.8832917920668921	0.6728506233537943	0.9275525083761776	-0.2823851418788435	0.1359020980187449	-1.4059675272680918	-0.4881315148645755	1.7043978303768124	-0.6866493324776228
0.0556925934	0.072042907	-0.053406585	0.0214026215	0.0033387511	0.0030009873	0.0907655546	0.0886396995	0.0851334125	0.0803012987	0.0742186113	0.0	0.0085370012444201	-0.0072872871545399	-0.0064150315506168	0.0002178439697203	-0.0003266040957414	-0.0009549645973384	0.167266963073542	-0.0810155769489488	-0.8137229601976541	0.9649619153702024	-1.9048410439164205	0.3700912224224638	-1.163033265084506	1.427865746007449	-1.9411238340011576	-1.335283987582884	-0.997991675086621	0.2216866660649986	-0.2163827287758035	-2.345360758296628	0.2754467380989329	1.190847331607621	-0.3735340177790389	-0.3089724051729071	-1.1046202458146348	0.2336219089778863	-2.2381854556974417	1.1361536853727592	-2.0843305236010106	0.220834241880659	0.5370567499045792	0.8473493523410837	-1.311543621828204	-1.8579695081785947	-2.2293756303581884	-0.4856729880378724	1.9549747063793876	0.1291530117360221	1.5592286713530767	-0.1768406449576102	-0.5499956347386397	-0.8320459986428779	-0.8513351157325845	0.436519084827363	0.2607086228668919	0.0802206173029205	0.6569500033301022	1.9040728761447947	0.8420836231438467	-2.004035549152344	-1.6023231240134932
0.037992818	0.0799117447	-0.1115595371	-0.0527671686	0.0654342287	0.0768228344	0.0906079513	0.088014738	0.0837475519	0.0778875515	0.0705461896	0.0	-0.0036342661457098	-0.0070797257955348	0.0406294606973034	-0.0001457462514725	-0.0004409187756915	-0.0011190315782271	0.0915219150986351	-0.043082979499835	0.2645903135300843	1.4793896741854744	-2.329593926963692	-1.866188357552963	0.0417198758403568	1.5282539143603215	-0.5075979313367482	-1.972154996321876	0.4559723107170572	0.4297954463255392	-1.1167302790491274	-2.179399564380691	-0.6559675767995785	-0.6350168334460974	1.9041535480598564	-0.3732462693759206	-0.3408629981804633	-1.5952042523235528	-0.9025408597840464	-0.0585765782609019	-1.3358071628726405	2.587328570339748	0.1057525007447359	1.2667467713353031	1.5614210211934147	-1.427379044212193	0.943196191546614	0.0891527455862903	-1.0530825460445234	0.1260141701389057	0.8384205361441699	1.5033602919940956	1.0679330658432369	-0.7764260177121762	-1.316563166698927	2.25782549345968	0.0038133969915667	0.8432285896477777	0.6076326466817116	-1.1588864638617726	1.6547489572201373	-0.1994255380869738	0.628403738864962
-0.0252777632	0.0741747922	-0.0582598329	0.0159867672	-0.0473887576	0.0930530326	0.0904346925	0.0873289498	0.0822314759	0.0752585301	0.0665691461	0.0	-0.0049588380164209	-0.0331183490052637	0.0103206138899736	-3.617505501955759e-05	-0.0004809866033257	-0.0007280088701194	0.0847051284975119	-0.378020683653534	-0.1451389302197995	0.8992812794671867	-1.5158870841112213	0.2628196931198738	1.3489471278346157	1.6671357653398675	-0.7612504622375533	-0.4015637228426855	0.4717856013247234	0.5433838421250288	-2.876745640209014	-2.16832992253528	0.0546577324571197	-1.1039707741975309	0.865113819941026	-0.5835626622403447	-0.7827678267240946	-0.2170722128501116	-0.6110015248465287	-0.211408771802719	0.922046125125775	0.795048750279256	0.4070485586572898	0.730076491385644	0.422633864034247	-2.188113326491633	0.5761577089782292	-0.112264450969354	0.5595527641126753	-0.5188901876942121	0.2375850866107279	2.7098905196362746	-0.5033818072635443	-0.7113463123603185	-0.8453409151721497	0.0704012510198327	-0.3830146205541236	-2.858110162698994	0.7583713131441281	1.0789630611834888	0.8771671396176574	-1.4864830494368626	-0.4086531912211337
0.042223619	0.0645498679	-0.0595968701	-0.0168465309	-0.036078321	0.1047515468	0.0902458083	0.0865828087	0.0805875418	0.072421501	0.0623046536	0.0	-0.0122969462942137	-0.0035712293284291	0.0102944609116519	-0.0001852059852773	-0.0004809204348559	-0.0008565442630097	0.0507930055138412	-0.4416392414215243	0.2073262595433847	-0.4492185667616424	-2.394282971757079	0.3313963647057265	0.6004239530940679	1.519600931435832	-0.8224231497489781	0.082669372959747	1.2638158587284307	0.6981263021481923	-2.4144902624291564	-2.2224883469891834	-1.4713105510410092	0.1111136276873996	1.7916095893711526	0.1776863657520491	-1.261587239017885	-0.1182655869917645	-0.5676665141425409	-0.9238867295966448	-1.0419404553679192	-0.2592550910294586	0.455625191613143	0.5066566147224391	0.6765131595696199	-1.2329617552892893	-1.1425659431077826	-0.7549433060556595	0.2222310261376376	0.0806313858710382	-1.463376861810708	2.004025496508148	0.686038467012757	-1.0507284239716344	-0.9175447570338088	0.5357717354035513	-0.3782161453007747	-1.6610706556222752	-0.6595394630396026	0.1812185116684115	1.1064665982895567	0.5069202902501357	0.3588152838517164
-0.0761886287	0.0856994341	-0.028145431	-0.0071210052	-0.026876664	0.0156765215	0.0900413312	0.0857768306	0.0788183057	0.0693843053	0.0577711266	0.0	0.000437782746701	-0.0659344737186984	-0.0296892887437962	8.297526874808586e-05	-0.0002160095005121	-0.0002289910348318	0.1731139939139864	-0.1910748513110545	-0.0110311321189627	1.4494308555039763	-1.5764266827769455	2.058347740670436	1.50475360327205	0.802196591387843	-1.0740831285432548	0.434705473440636	0.9389092621614964	0.6899596284371512	2.057536880813533	-2.113977166887632	0.6685765885001471	0.2334732559686767	-1.11963586675124	0.2537777942745335	-1.8596209550616056	-0.840294056274316	-1.877593892671389	0.3905393635712877	-0.0101588353271159	-1.5046044594299284	0.7995706860303259	0.0338531599212768	-1.8539118706318916	-1.841062324632834	0.5315625098874107	-1.8642143163772824	0.0286214584556491	0.9020792433581858	0.5250219571311355	0.8772411954755249	0.520983504581605	-0.6873177536445181	-1.1355485382659034	0.654783009995601	1.3239683553953705	0.7185643467253746	0.8411670516286388	-0.01600647412793	0.0690228990855037	1.3119899182780717	-0.5354665082355451
0.0014420668	0.0687266918	0.0972648917	0.0584894806	0.0547428165	0.0028607336	0.0898212967	0.0849115724	0.0769265184	0.0661553376	0.052988141	0.0	0.0003897231977987	-0.0040569335581324	0.0127655340093184	-0.0011206855362729	-0.0006982035214389	-0.000529892006623	0.2037182123495322	0.1936815618300994	-0.3192284958018682	0.2800073693810441	-1.6207678134918015	-1.726441981785632	0.0337265213496745	-0.4340017064450893	0.419901603888013	-1.2652338663867286	-0.2613183943077379	0.5787190554546252	-0.4590190422474944	-2.0245682907453766	0.9915258492626602	-0.3436671070437987	-2.1331606924920163	0.0461683406355677	-2.008426635437752	-0.5650342768520064	0.9779734125491656	-0.1721349683967242	1.0468907382209314	-0.984658101422788	0.8290825594375251	0.0963585128985802	-3.4726350520118	-1.809868320136186	-1.0642022245738174	0.0608675815709477	2.26499182571937	0.6357144155536228	-0.1670646659034326	-1.2387946378088135	-0.8537984713911255	-0.9636062390237506	-0.7166011836313421	0.1221733798436566	3.130067873236911	0.4883644989383408	0.2319627828385086	-1.8459750512441284	-2.701460950167714	0.7484025929935657	0.4428497403124704
0.0328559452	0.0541216116	0.0848489398	0.0128246402	-0.0209913584	-0.0840740174	0.0895857427	0.0839876321	0.0749151215	0.0627435226	0.04797635	0.0	0.0052045595433014	-0.0454707806346306	-0.0060395234467165	-0.0003819651451078	0.000227058630013	-0.0003069566360407	0.1593796365380008	-0.1390823068996172	-0.0342145669677756	0.4621283088643904	-1.5321725105226778	0.9468510900898583	-1.266218597650458	-1.462900324906422	-0.1860890253880945	-0.0517522711156083	-0.6510984405178177	0.7568958582312788	0.291780492670474	-2.0239775879442448	-0.1901504721647651	1.1214702626927255	1.895841605166142	-0.4031517299544458	-1.739856712183159	-1.2259511220619896	0.0041978117811534	-0.4474796408253924	1.013316247593378	1.227003938032838	0.8998871665927972	0.043823178190165	1.4975189054762754	-1.7547587770944415	0.226006694543518	-0.258921323772831	-0.755144310057573	0.6391654714717352	-0.0212066572459247	-1.2083093559426772	1.5752980317606484	-0.8369147223287855	-0.1682845918599073	-0.1219053888678428	2.1237107748325186	-0.1430601080805545	2.430432004482542	-0.4224206423124881	-0.8118890149920999	-0.4707443595031295	-0.3217074779672079
-0.0209565344	0.0290695942	0.1204838884	0.0589495149	0.0441105149	0.016098905	0.0893347099	0.0830056482	0.0727872424	0.0591582902	0.0427573947	0.0	0.0004832358916786	-0.0038238081313579	0.0317755178968326	-0.0007859979746579	0.0001310130353	-3.294848513313238e-05	0.1228876662569779	-0.5705006858296608	-0.0860857670301841	-0.0329345057489736	-1.601484007918881	0.1818182811812275	0.5311740243779588	-1.7994524357721078	0.990629226222986	-0.3265943634376822	-0.0147069347826888	-0.1399907386273657	-0.9839203676233016	-2.0474488533642643	-0.3494679805847186	-1.481178591360932	0.1850596018091783	1.390596886984394	-1.1566797202537693	0.546566911061807	-0.1916651973082026	-0.6684659692748884	-0.3814146705694551	1.5389538052291138	1.0109132605374174	0.1180823055376271	-0.1335791017207262	-1.69214363973667	-0.5523887150489798	-0.3179118182272992	0.6410110028879397	-0.3650464225870303	-1.195685006759352	-2.649512765186956	-0.0483913885622807	-1.001248399809763	-0.3842812821940204	-0.2631233045325639	0.2722264942732353	-2.2075781191474277	-0.0928195881936651	-1.224893206396014	0.126542573922018	0.5052178132364058	0.4050866898633722
0.055035875	-0.0057064941	0.0814303108	-0.0308366084	-0.0497527123	-0.0326327932	0.0890682417	0.0819662993	0.0705461896	0.0554095495	0.0373538109	0.0	0.0064778861580379	-0.0374012901244498	-0.0055881169558773	0.0002049967354202	0.0001520044068687	4.298442052924335e-05	0.1313317164776199	0.0049671916138113	-0.0212679879135773	0.4587280924601835	-1.4340034381457731	1.903184259015296	-1.281880329705776	-1.8966674913027632	-2.537620461548364	0.5365629530513814	2.376247637070649	0.3374108068162186	0.4365509099177194	-1.7654069631327305	0.0391013706451948	0.4641062607781256	-1.0752895139603629	-0.8790616353622343	-1.0189296914404922	-0.417053761381105	-0.6426063736501975	0.7550510632631713	-1.0813214022318132	1.5818369691658245	1.1347467525246415	-0.1462429907220775	-1.807065950960332	-1.8327441623126617	-0.1044633888001518	-0.5248012520638792	-0.8401573191985052	1.1820150020123648	-1.5661762669869022	-0.7693958535955469	0.0426740104371263	-0.6794837003511391	-0.7313176894764649	0.8658128072873751	2.123136410030784	-0.2475626793244681	-0.4401368218915266	0.4698308460649252	1.0669967126201192	0.2897745029935714	-0.2125963823779941
-0.0437872444	-0.0449450083	0.0791799748	0.0189679478	-0.0261976673	0.0210386003	0.0887863842	0.0808703038	0.0681954477	0.0515076619	0.0317889315	0.0	0.0004590772882551	-0.0373810804059928	0.0041890140811204	0.0003349996692756	1.5007202122996333e-05	4.299748748541721e-05	0.0291668099031013	-0.2770383452319926	-0.6354718630237863	1.0725509587645243	-0.887212977157869	-1.2884360400331738	0.7177107168905162	-1.9327529845268276	0.5349987402701561	-0.3179913646950864	-1.5852360038962443	-0.6085298998982175	-1.173368857354999	-1.6823441295535375	0.8626400101723736	0.7254709150350866	0.5959835692042905	-0.0601057396249396	-0.085964113473062	-0.0991279142149497	-0.1454623742606994	0.2235338999846768	2.1666000027816823	1.2032657940867626	1.1844417316650395	0.0810285086557482	0.6316528157175306	-1.9982784684193315	-1.2189517885812764	-0.7277207521209003	-1.2970477470364927	-0.3065584407730365	-0.8182839220108715	0.4088533233318576	0.1596139496639884	-0.8132619314782822	-0.1355943782063201	0.5353337157258923	0.6220813914974989	-0.4715963323611887	0.2708431571052316	-0.228296364178749	-2.999843972071254	-1.3861887166779432	-0.7364491988552244
0.0916551981	-0.0624627566	0.0449541461	-0.0540628776	-0.0517922408	0.0778398595	0.088489186	0.0797184191	0.0657386716	0.0474634117	0.0260867859	0.0	0.0005053400307417	-0.0034108300394422	-0.0075769073452391	-3.400128086763764e-05	-0.0001279996589798	-2.000217566401135e-05	0.0745328082551698	-0.1759987577421718	0.0976151896134464	-0.04346853685878	-1.7252443019856731	1.72483603152613	-0.9463284466092436	-1.804536137577356	-1.0344963307327837	0.4222640118752532	0.3931978661044787	-0.1768639246945391	-1.1637852475118913	-1.9250946813196093	-0.2578109764671151	-0.5806658801597693	0.381047761086653	-0.9789127196327024	0.3714665625339827	1.7359673097209347	0.5531489688878098	1.5999647332343077	1.110081902444897	0.8748364513312056	1.3109631234701593	-0.1180377443754573	0.9011230649389096	-1.4853085704137026	-0.6022641240015036	0.0450955906095219	-0.4338313322806215	0.5550982217175674	-0.9807661968465068	1.4836142175080842	-0.1336448065196117	-1.2920521986272238	-0.0014204501108889	0.4728370644672142	1.109701133201264	-0.4224169324629621	-0.5950692517401922	0.0796198229410602	1.11651057975667	-0.8425814816132634	-0.0162735214032938
-0.0947389746	-0.0315554353	0.0028385356	-0.0131352917	-0.0491457763	-0.021700329	0.0881766985	0.0785114412	0.0631796814	0.0432879769	0.0202719962	0.0	0.0006217562503252	-0.0282571050867801	-0.0568693046657386	0.0001744221947979	0.0005830226546081	0.0002669490224716	0.1345749379568733	0.0310438866316555	-0.1605852824232555	1.3142573379742546	-1.1496174216126638	-1.981372373938681	1.42176084956576	-1.6679523882855276	-0.337081096575985	0.0050190607539856	-1.2625019758002252	-0.7618730650663516	0.0616792626982561	-2.011845698731857	1.244725110707018	1.7916860839245352	0.6647631414779716	0.5842077009213544	0.6493873563820977	-0.4990404460594194	-1.161797355767827	1.6176782839206036	0.0643219124467311	-0.4042329694394986	1.200184938634241	-0.0370340665470665	1.2190921232704126	-1.5931427799788167	-1.51674142857891	-2.2735281060159984	-0.0201156539821407	-0.5155990446652464	1.383912514477317	1.1174939815411609	1.1587102678047871	-0.5634569238703634	-0.4182873780140813	0.4560374426076715	-0.6140651966169131	1.1658345877827263	-0.2352976274023768	0.876535463574782	0.3818185654135202	0.384525402954452	-0.132428871395011
0.0591093704	-0.0323372166	0.0663019398	-0.0150901733	-0.0388379036	-0.0694378611	0.0878489756	0.0772502043	0.0605224558	0.0389928981	0.0143696711	0.0	0.0005051899192096	0.0271157593739133	0.0222195504762225	-0.0002100131060656	0.0006079954121867	4.306384788473698e-05	0.1662429475852182	-0.2666496964087417	-0.2282654795027034	0.8926193700293064	-2.022698162430168	0.8204289012684766	-1.1133562857867156	-1.5878029989149776	0.0054323296773681	-0.6498531186573759	-0.0405980499121367	-1.002522077640083	-0.2323922579217957	-2.220081179415688	-0.4411633374931591	-1.1131323009782044	0.0945249549471108	0.2782962673307075	0.799772417150295	0.3680828602254968	0.0352977428820074	1.6122043658501497	0.4533745638166683	-0.0408807451519391	1.445771540609579	-0.1226389838632372	1.4865368099173148	-0.9590810296784412	-0.1946955067401545	-1.0739443443751202	-0.3427083489944684	-1.956160582979281	-1.1023615194517211	0.7503917672000159	0.2913064075200181	-1.2078595408498192	-0.5878720756614136	0.3733788822346516	-0.8276716047346172	-0.8783063209847057	-0.0242724489170411	-0.2254199653659391	1.154968226732058	0.7256501505583909	1.116138364448831
-0.0382462142	-0.0487593027	-0.0150672123	-0.0347693807	-0.1239614232	-0.0872769475	0.0875060741	0.07593558	0.0577711266	0.0345900464	0.008405297	0.0	0.0150178447634345	-0.0362112353071921	-0.050440461618507	0.0003013357108728	0.0005820849391786	0.0005629119531522	0.2033550313807579	0.0789857791687794	0.6274680957458582	1.0333479046614418	-1.1494965357066802	1.08751145775517	0.4191262353504	-1.444118798167224	-0.2396755795088214	-0.4981871370789461	0.818773476144575	0.1684270204026756	0.9934962755717018	-1.827282271662883	1.3553408147297392	2.2443854312487383	0.2954452470022821	-0.0177011916969753	0.8343804228097185	0.9898153097150684	-1.1255049768747185	2.6933955640511837	0.5019132576137805	-0.5613568114605805	1.1545400162869175	-0.3784984334399173	0.0998190435249241	-1.4663537174861632	-0.1488593585492213	-1.947600489770964	0.0735171631880517	0.1429086661663166	2.043099931668355	1.7016878622471472	1.0553288929465323	-0.7470547691595676	0.0028708109717744	-0.0758825537120561	1.342723484345096	1.1487581758784544	2.0353429855656118	0.8599723783788872	0.1921233829867824	-0.4480083128712215	-0.8853509076861285
-0.0808649847	-0.0370617653	0.0465317791	0.0005896766	-0.0459959732	-0.0493746908	0.0871480531	0.0745684769	0.0549299716	0.0300915909	0.0024046285	0.0	0.0108477124910564	-0.0256585136884126	-0.0304341487757113	0.0008396951957056	0.000744844780548	0.0008201876282842	0.0826489168006633	-0.104069047706499	-1.1707758723252664	0.5607418792917047	-0.8780452325218435	-0.8705094544194739	0.6333134635644194	-1.2826292095300105	-0.9535852546745578	-0.5062272917136466	-1.0337874889685323	-0.7420294678164898	-1.4875691856137574	-2.065384937741761	0.4461533437550566	1.15575875834764	-1.548823667389006	-0.46357503176166	1.0826018875858654	-0.0452907281875705	-1.675386503300463	0.3777129249844912	1.517401339504885	-1.1460376430910346	1.2817923220579683	-0.4680020831127639	0.3261189977314557	-1.6120798631805655	-1.6777762288534088	-1.9957458087826556	-0.3876033022535947	-0.4256348201688146	-1.204720739585745	0.0582182486103213	-0.2352665447481715	-0.8181042433035631	-0.089009466843114	0.5606320960967691	-0.0855235112800438	0.799986495488378	0.0520539723291402	1.3248790930684384	0.3023213507392239	0.48514153137298	-0.7362670896124611
0.0313428297	-0.0799383838	-0.0085495993	-0.0176011478	-0.1062293655	-0.0493514756	0.0867749746	0.0731498398	0.0520034083	0.025509965	-0.0036064234	0.0	0.0183254456591726	-0.0209529656118547	-0.0262588496485562	0.0007437281467701	0.0006658047254339	0.0008177532364158	0.0252306551677291	-0.1806918001359422	0.6365623622971044	0.7436029558323658	-1.3407509243216815	1.3822996602064672	-0.6504713066866225	-1.0299017889552484	0.5751005824463838	-0.946494616423782	-0.4179281202313092	0.1949628582167805	0.4887358028435007	-1.958398605572074	-0.0825003814686773	0.748424661677901	0.0634903023832809	-0.1313287641944172	1.2155359708925677	1.6076613244612548	-0.7234654219919662	1.1025440589759488	1.390205028790427	-1.4083819311004149	1.3148365881605868	-0.6986390390497049	1.1190751419544929	-0.9430356985008204	-1.139616079608006	-1.7356698384160492	-0.4421871279386531	-0.174211113984356	-0.5441076632575347	1.07724878726456	0.3502755408077543	-0.8088913836306558	0.1193759205411601	0.245425282678376	1.5782358799661926	0.6090576002465955	0.9897459293369888	1.2565618659242053	0.740244375258254	-0.5529205488573372	-0.2582514347907985
-0.1160016991	-0.0389041469	0.0153473693	-0.0085153688	-0.0805335772	-0.1186843603	0.0863869029	0.071680649	0.0489959873	0.0208578319	-0.0096019025	0.0	0.0182341487845718	-0.0662875288987976	-0.064526451739411	0.0011110952485922	0.0007940683144236	0.0010210595151995	0.1186403107321735	0.0466707679619067	-0.4948572526851522	0.7873869241742599	-0.7308655913142537	0.5438906911360376	1.345045771510308	-0.8727294829563854	-1.1120476066809366	0.5610455589789194	-0.0178084788971236	0.1405819176222623	0.2595967025115411	-2.3307953375336306	0.7404737498582845	0.2430653514771616	0.9972182794256496	-0.6041176616317903	1.2667545314609687	-0.7496711481774482	-1.1468325938656678	0.2263351727061748	1.4236834631610535	-0.9863279401477444	1.1490908858377342	-0.8646703135273203	1.6307647843680135	-1.446320583621868	-0.8261464078745216	-3.017011866315541	-0.192595235462819	0.2793979427075089	0.0242085314494391	-0.1062678185480438	0.7006463621061867	-0.6240101977774573	-0.2406766440773788	0.6903288205117594	0.3809594545884818	0.6765902025081502	0.6915545421403855	0.3386496533295796	0.4664650274947292	0.827602157237165	-0.9144335813053576
-0.0240189302	-0.0769370298	0.1189310916	0.0732985614	0.0226919561	-0.0929747152	0.0859839051	0.07016192	0.0459123846	0.0161480496	-0.0155559202	0.0	0.0144374354116791	-0.0107124682227492	0.0094587391072451	0.0006680604798854	0.0007768794936617	0.0011342411220363	0.1620272247108721	-0.0950648220443354	0.3501576353950826	1.1614220261804191	-0.9232288983052775	-0.8711432180979648	-0.5655428426820648	-0.8371551927576483	0.048707833364263	-1.2172369666440377	-0.3786816442490253	-0.824897487877824	-0.9559196580084957	-1.7814762103662982	0.8392488566245523	-0.914170132193984	-0.9717688154268166	0.4957203512620304	1.271542724592068	-0.0060102804485118	-0.3513259808425434	0.3609094267709901	1.8334380981547127	-0.798696042063354	1.0287057047483388	-0.9737759947830004	-1.1013908636265155	-1.276710202240208	-0.3277604101244936	-1.8507195084889725	0.5850797347282676	-0.006681820203759	-0.8662581929440731	-0.925840669056722	-0.9942433057290412	-0.6988491650137282	0.2631053734421457	-0.269797533440261	1.1517009797721545	-1.042671364820923	-0.3554075905953046	-0.949099455418416	-1.7515452614124054	-0.4314161212392501	-0.3172281392576026
0.0500142015	-0.0756699806	-0.0201212814	-0.0369347581	-0.1141072705	-0.0733966608	0.0855660509	0.0685947023	0.0427573947	0.0113936355	-0.0214427666	0.0	0.0304485677851999	-0.0556333145422911	-0.0490375580129267	0.0011993636073498	0.001126181655499	0.0011338263331981	0.1634792797202295	0.3878922778905589	-0.9544436349855534	0.3313397693144569	-1.1781143398271046	0.4817731002570587	-1.3048931844128082	-0.2411219328438203	-0.7331505918453218	0.4991883108700423	1.9619447602237408	-0.0946568804359715	-1.9629119210614456	-2.0913050699472877	0.132113083534686	0.9570900233828008	0.8224295811435468	-0.6192977078976186	1.333274130639802	1.3168124713543707	-1.268741970140847	0.7003663778873717	1.0791380651068954	-0.2519008518172437	0.8470422768425719	-1.4769501891070476	1.6674534531974687	-1.0767025871182	-0.5639549463466161	-1.1726478044667414	0.0381499995197553	0.657042756182999	0.2689419959336326	-0.3011430802149273	0.6649143084002412	-0.7755616112696672	0.3600939971863998	1.6013929897136254	1.6194671240118863	1.3215674132995665	-1.5770360616364618	1.0664790503377144	1.305735083764608	-1.303696818012352	0.0059999171985969
-0.1359449227	-0.067739298	0.009958169	0.0251634981	0.040567347	0.0180978728	0.0851334125	0.0669800789	0.0395359232	0.0066077305	-0.0272370221	0.0	0.0258104942247712	-0.0251229939903936	-0.0384079066818543	0.001257349800384	0.0002672139738122	0.0011348277232689	0.0916758086829886	0.0753922767272707	0.3991891114330081	2.109081887381575	-0.2850765955602416	-0.8566394594470585	1.9381138135111984	-0.2160871284021748	0.5274090327895891	-0.7795433512847996	0.2778458742226473	-0.6721638053059263	0.8387434860908455	-1.3602047654368223	0.9718095557507908	-0.517953574807385	0.6474227518404583	0.396690328178474	1.3610400347522242	-0.454888591169406	-1.8855371875254532	0.5254477537733276	-0.7623192152094849	-0.8416259828702622	0.4487412950009504	-1.5053912991673075	0.2851267931568519	-1.9132105993406303	-0.681626500708794	-2.122030165494064	-0.1791827961845836	-0.7273739073879862	0.2025774573158316	-1.2801982674886545	-0.9371304914519748	0.2122512786165312	0.0616609580281835	1.007580745548883	1.7808635409665217	-1.3512399382306404	-3.533689728935269	-0.8027525632009962	0.3631709034054818	-0.3875745756525669	-0.2917532349150443
0.0484242534	-0.0392945891	0.0582022577	0.1266546305	-0.0095577858	-0.0979791679	0.0846860645	0.0653191659	0.0362529791	0.0018035623	-0.0329136668	0.0	0.0125488052456574	0.011470314004768	0.0194947293216927	0.0011299090037891	0.0002509098175478	0.0007258588143174	0.1353933260683624	-0.1806800631068401	-2.7637980920650875	-0.6858389597299208	-1.284402498552052	0.8926704351687857	-1.755440932705841	-0.0712718084534233	-0.9101232516511208	0.0402916314738216	0.8446029035560855	-1.2894411874683245	-0.3063562982787272	-2.9098642207435046	-0.1298529205626133	-0.4292093211125801	0.2993390706555841	-0.3183167765492477	1.307338784658676	-1.8235860535094812	1.2755483866480242	0.3242768069138338	0.7396769740073081	-0.5334455602374173	0.3769584249741849	-1.6303985668839116	0.2001870495207411	-1.087733959602018	-0.5954946881797151	-0.7127336177035867	0.7287540458646884	0.8602488795948848	-1.3021091704122112	-2.265554842956023	-0.5567514874280028	-0.9188639162754207	-1.1266766923367029	-0.29083503650586	1.5842113054195974	-1.3137915793232844	0.0822591503958358	-0.2595106582383376	-0.1246281672930113	-1.2954484083695663	-0.933063681347828
-0.0496418017	-0.1133507112	0.0625874866	-0.1085565117	-0.036651204	-0.2366439301	0.0842240844	0.063613111	0.0329136668	-0.0030055908	-0.0384481886	0.0	-0.0178297904250968	0.0027395500631257	-0.1153223399952878	0.001576678250233	-0.0022146655787875	0.0010617481085562	0.336338125780277	1.4358465289381808	11.030237445485598	1.4192546135770587	-0.881003312210522	-2.0954912918057484	0.1205662557141046	-0.8139585343072474	0.9381223921885912	-0.7648346163882113	0.4386774756643864	0.8137759168676041	4.117542181028116	0.197454042406054	0.8549475662854624	0.6825400342618907	3.746896746765189	2.352912995177502	1.4728183185668822	-1.352891694212522	-1.0702285677784484	0.8973504192074294	-0.6322487737400166	-0.2650067523098238	0.4197139124844695	-1.4413601062193626	2.441904232162601	-1.255975465037687	0.4931605111874827	-2.3979129141482023	-1.0137166786891298	-0.0909501530693158	-0.9827808949573212	0.4910245556425665	-1.7915036545874168	0.7814875223492145	2.203729790621092	-0.85207672275879	0.836205803513798	2.110033073538605	-1.9943565328374049	0.3995834243333513	0.3837241027497559	1.3189224160781228	1.1423454852613797
0.0796324531	-0.0879465687	0.0260571644	-0.033493999	-0.0006541289	0.1388474708	0.0837475519	0.0618630933	0.0295231785	-0.0078064368	-0.0438166893	0.0	0.0819320000559997	0.0985455930818659	0.0519995512258901	-0.000120157996881	-0.0036380683610692	0.0010127843035034	0.5213498664434396	-1.686005142643831	5.636980679613641	0.5555495522876241	-0.929903593179872	-1.508191636758485	-0.5481621086318327	-0.4174577977618947	-0.2637517503337862	-1.1048340271723571	-0.013043812294082	2.2054294635153906	0.2964866996900373	2.6280195066105185	-0.2542009017233286	0.5181085466653989	-4.2751964188995055	7.87372753103731	1.1299068200442892	-0.0267970471964919	6.012975943428314	2.475881773169422	2.161738299521052	-0.0188944835503904	0.3256107212087282	-1.3541350034286537	1.0512489721105478	-1.657069804699366	1.543774338540891	-0.4268557304157258	3.987949617441743	0.8324063230765246	-3.2203071699277634	0.127355645950553	3.7662747017269065	2.012108318082764	2.512373151600677	5.438924252511264	1.012425541134548	-1.3483162132644118	-1.617635077424577	-1.9540757382234184	0.5482917729082247	-0.922541618411136	0.3644493538772647
-0.0176151588	-0.0943704579	-0.0629328246	-0.0364937475	-0.024449266	0.2921678599	0.0832565493	0.0600703222	0.0260867859	-0.0125857064	-0.0489959873	0.0	0.055105422515524	-0.133134499257352	0.0712270404958985	0.0011732038000626	-0.0032890781410099	0.0007299312057861	0.3739944148857119	0.0617920323331496	-2.8102217162056986	-6.285396845245786	-0.5958175472344209	-0.2464277472454744	1.5154447314276471	-0.4293750264742503	-2.2715363458391886	3.004077806551458	1.1570878458160552	-0.1348748945749895	0.0571651995870692	-0.1583059982364539	-1.5201715833902183	1.1911517359531028	-0.2519953655905979	2.907972240501452	1.3283703023460658	-0.2347361450940471	-1.2995757566599286	0.3107149155636085	3.0981733310540576	0.6391645172018817	0.4728232644514117	-1.4972552734909854	-1.746643242529027	-2.028542071000104	1.1977900131401262	-0.9662034725846996	-0.0957460084128211	0.5349504766321782	1.998851981146102	-1.0026187667604294	-0.0548278963279743	0.86984656506739	-0.682038795835589	0.8455902527339437	2.3244811195961	-2.396041746998459	0.1077198301750514	-2.0789835546130697	0.628364567732653	-0.1382826701884838	1.1776351235358669
0.0619377524	-0.1097114403	0.0540449335	-0.0441414286	0.0905617749	0.2007035597	0.0827511615	0.0582360367	0.0226098321	-0.0173301903	-0.0539637182	0.0	0.0570183366056795	-0.0832366931391845	0.127306574769193	-7.98974930304415e-05	-0.0034320461223584	0.0009343655290868	0.1879154343687296	0.9263054102917108	0.4880186134250626	-5.097619702744826	-1.1190374824631668	-1.657823504806442	-0.3020525080256432	-0.8999260949137051	0.0012996581294102	-1.1277557668752538	-1.0036736079441102	0.2918958198923849	-2.715638755004974	0.8702602574930927	0.00062808027407	-1.6058843142015633	-1.2338273478209536	1.867461473464784	1.372459502341408	1.2454633298805695	1.2639444421002122	-2.070886239264291	-0.0845185077014131	0.0449599523053463	0.8193509525413594	-1.0299497409650302	0.5823497787958553	-1.894311516433189	-3.0538956593951805	0.1173388444095314	1.580699712379177	-1.9669612944467123	2.2861399525754824	-0.7033441447986095	-1.6598707423934635	1.5532782556785738	0.2247127999366502	-0.6735283431863949	2.5877530054004088	-0.4358224093060595	-1.652821790606952	-2.4704774711842306	-2.2844867358126466	0.6582979543356554	1.6629699099373796
-0.0212289779	-0.1087475342	0.0654935073	-0.0342910737	0.0627521857	0.0421156476	0.0822314759	0.0563615044	0.0190977232	-0.0220267751	-0.0586984312	0.0	0.0561925566972405	-0.1258496608371473	0.0976771741610917	0.0018541846586399	-0.0032198311811726	0.0007319868413562	0.1905019372438401	0.8656693156298765	-1.454702861407814	-2.135600392273529	-0.5016186193745669	-1.0114259001101606	-0.6103754949971021	-0.8614035448902045	-2.379214783656768	0.7048671474453356	-1.758274333929511	0.2870963961566881	-0.0102332616499334	0.933600787010424	-1.406333092877804	-0.6315211540524279	-0.4365116957890549	-0.0100473742533342	1.295430892548049	-0.8670245343369878	0.047745439409922	-1.367643266694882	0.561057709056119	-0.057524434689403	0.7590941099040672	-1.209992399663915	-0.6386371620120667	-2.2383579438890617	1.4087391377058436	-0.4488910394823585	-2.395683201247612	-1.940694308831234	0.1384833012426949	-1.1965402271605212	-0.3607039417000082	1.7335777594660555	-0.8212413449036781	1.1609695612012636	3.2899621772302465	-0.0559255098307917	1.2192965635755686	-1.686456901030867	-1.558399631762721	1.7134089234100296	0.1843585234838992
0.0482966791	-0.1229621255	0.0750355241	-0.0106302768	0.1100131899	0.124586047	0.0816975821	0.0544480209	0.0155559202	-0.0266624798	-0.0631796814	0.0	0.0626781167902663	-0.0614298956746637	0.1480466778710649	0.0013122210848725	-0.0033445253449344	0.0007301959893231	0.1546972584435976	0.3078225042964347	0.0382574500786208	-1.5568215974646629	-1.219205464935985	-1.158539210454496	-0.990579020606989	-0.5770510069224929	0.1471315331077097	-0.0730432788997737	-1.1739255499416412	0.7405684909703472	-0.5848516689158393	1.30352461364422	-1.077590210873178	0.7732772236577995	-1.6736543192111202	2.199466352809522	1.2702510543598855	0.8801972758487185	0.5135595543283678	0.0622797879518959	-1.338239627837486	0.4662695905428316	0.6340567593592309	-1.2901300494374288	-1.950801905134524	-1.4832814337914573	0.3008919510481397	0.0580297009983373	-0.982023146148248	-1.2704667592286716	1.1369775028108495	-1.14871209676251	-1.654669688347299	1.871188113304597	-1.4721713435834969	0.7121865655034386	2.362787532313293	-0.1394194768838131	-0.5056341893984571	-1.3686027712314248	-3.108052908761788	0.2649082702245344	0.450190756459042
0.0553452136	-0.1078169044	0.0030710717	-0.0051870489	-0.0212339481	0.0415053351	0.0811495725	0.0524969085	0.0119899299	-0.0312244919	-0.0673881186	0.0	0.0714140640610025	-0.1214857032160523	0.0908508970489379	0.0026780228654558	-0.0033788171605189	0.0008940282630461	0.2041838291287918	0.1749883532377328	-1.2366143223507389	-2.39092908601989	-1.3636862931511171	-0.0355893281715156	-1.3354825014046496	-0.192819080270678	-1.3532950227476137	1.6207557232785443	-0.2155079170416425	0.4183733070837094	0.1064363539095873	1.0499397457317847	-1.5718129815706616	-0.1500335228398267	0.1245989195592889	0.0319073173657938	1.457675250680968	-0.4401651848147373	0.3777436785214608	-1.862086932369315	-0.0938139735861605	-0.1730627757726402	0.6560426745458254	-1.4053413850824548	0.9879307182185942	-0.9785191525587886	0.1938745156577599	0.7557054344017762	-0.8086706740623117	-0.7307436298374637	-0.9684858989332517	0.3277637924267615	-0.0676012453780683	1.6625856935917205	-1.2257968011625069	-1.0069795785168731	0.8984091761254411	0.5987207743931108	-0.3032307875890923	0.787781806168643	-0.4541150054469803	0.2565330569336642	-1.407016912959997
-0.071268094	-0.140960466	-0.0047925821	-0.0600798733	0.0539082515	0.1402457813	0.0805875418	0.0505095157	0.008405297	-0.0357002023	-0.0713055705	0.0	0.0770220656822004	-0.1229224990981521	0.1025261504680514	0.0031570302109566	-0.0029758727402808	0.0013542000124705	0.0858262266805762	0.260657971889391	-0.5757325610562675	0.2784868205350417	-0.6938501054901417	-1.7160386629279258	1.0409943798110413	-0.1746571075030149	-0.7607402070807225	1.692553272695797	-2.4258100247835697	-0.0965086043193474	-0.4670336052785035	1.3257704653124909	-0.2902667758239361	0.016882604585791	1.015683844839813	1.722159287096839	1.2715836800824514	0.5686044319433076	-0.5910348580280749	-0.4772158967145495	-0.6733267587931987	-0.1223927419011448	0.522582843894165	-1.5675594308619802	-1.7498258844203918	-1.0469576623971597	0.0875795447158186	-0.2126459129851714	-0.9557747270900758	-1.4103672990510931	0.2616072180567727	0.6981577691433251	-1.1841432932981233	2.047252873184329	-1.1396091399789363	1.1420161470523529	0.6247421702728705	-0.7319214335662996	-3.625925181262293	-0.1858672278898359	-1.1710776061583317	0.8264914217371745	-0.1670499442887074
0.0928309704	-0.0758306443	0.0022127364	0.000102177	0.0135468382	-0.0605234145	0.080011587	0.0484872159	0.0048075951	-0.0400772406	-0.0749151215	0.0	0.0816926811375822	-0.0446630734843012	0.1260369488579868	0.0022440643937866	-0.0029778353979377	0.0010458453156375	0.1676049980421631	-0.0468281930480326	-0.430347655906185	-1.470021941464711	-1.7899741377811609	1.3309140436572806	-1.8570461119789363	0.0302642422316878	-0.2701657227612717	-0.586653242062704	-0.7842721482772064	-0.1363968631691911	0.7528455458182688	0.7247714602799505	-0.3381233188456582	0.1569151618448593	0.1692084287457705	-0.5926696836447723	1.086947075996293	-1.1768654095206226	1.8479243388649969	0.2185939886234773	0.4136437789105497	-0.3872949871231258	0.1145732157081517	-1.628122758396367	0.6175126399822303	-0.0198471033689012	-0.2093485609118374	1.1201892074399824	-0.4294220875221884	-0.984855251762954	0.1684490285989602	0.2153654774886006	-0.2243169532397737	1.810275024039847	-1.746189222450783	-0.4442660550333001	-0.7928578219923709	-0.6910123353906759	0.2011351026374781	0.5812817689007272	0.6738671076135847	-0.34288581535613	0.109179384650788
0.0075172216	-0.088601534	-0.0807568969	-0.0653557291	-0.0527490564	0.0417888344	0.0794218076	0.0464314067	0.0012024181	-0.0443435089	-0.0782011853	0.0	0.0684406920012321	-0.0952482162158361	0.0543259010550372	0.0032301012644869	-0.0029767936618547	0.0010638135517273	0.1858005218144895	0.1162088419064865	0.7987582993105737	-1.25382607785376	-1.2610450366659196	0.7005919879393828	0.6098744667616914	0.0732363424935831	0.7312856079672945	0.987266817669696	0.5786616480227212	0.6991970667709817	1.8956811509464209	1.2782202056231036	0.5397292885588035	1.334289841866323	1.4659833661008026	-0.4940678650390733	0.8951670980343711	0.5989915377309313	0.7472366005225032	0.9245735214459472	0.6762889150691056	0.2722216813144131	-0.3791149051359158	-1.727094961971375	0.4347207539742171	-0.5640342518740278	0.2079694884276167	0.149870489728388	-0.1244004466517103	0.1284096072592708	2.007924350559655	0.8337007762257262	0.401744345884261	2.132419283761203	-0.9380096309260452	-0.6715889726235216	-0.376493822985992	0.9656408384386026	0.6904806044879523	1.7754603099861488	1.285590974809456	-0.425841172623778	-0.8774398682750728
-0.0712050076	-0.0465346407	-0.0108268187	-0.0046262036	-0.054148976	-0.0301968506	0.0788183057	0.0443435089	-0.0024046285	-0.0484872159	-0.0811495725	0.0	0.0983551918275082	-0.0946345896198579	0.0473555767423192	0.0038594223241493	-0.0029767019410475	0.0009427491765781	0.0750223085159123	0.1570636839230489	-0.4485900249818711	-0.944470093058022	-0.8610431901445168	-0.1113145968354775	0.9174831182897576	0.0445587474962471	-0.914349918431002	0.7050065229891812	-2.470645283957142	0.1960265716782452	1.3534939435535596	0.8878146205926642	0.4834572253925153	0.8930786674174818	1.5784298405839436	-1.235756014043504	0.7462307109685394	-0.3222241301296236	0.1238280756107123	-0.3575783127664571	1.013008875984923	1.0633743920407237	-0.5820964230610212	-1.6278217684861391	0.2713258008127899	-0.5534784432811061	-2.5097488088727613	-0.9588422904136024	-0.2949742133573326	-0.0874455041937285	0.2854723487312195	-0.8907337883276678	0.550973549536279	2.143770307501633	-1.352026574430917	0.2361481877416186	-1.571533134310992	1.332003073660124	-1.1668602011360685	1.6351335212434503	1.3935707445006376	0.6690230273910569	-0.8555802812326162
0.0620016444	-0.0621522316	-0.0137537723	-0.0027045137	-0.0314845348	-0.0783323484	0.0782011853	0.0422249655	-0.0060079362	-0.0524969085	-0.0837475519	0.0	0.0921681703823651	-0.0277233675945751	0.0764431554539442	0.0028991045393407	-0.0029779486339118	0.0007348195834323	0.1606605257229858	0.0165882687466203	0.7219982749968636	-0.5458386646018671	-1.7286316125030663	1.1717887837445076	-0.6523673561189863	-0.1607162727850238	1.0074892873977253	-1.0224152306947805	0.1245961206980645	0.7641603862229848	1.825158232188373	1.0230685000212256	-0.2208522475237894	0.5771788908390046	0.0709536048234199	-0.3922708689629068	0.7454659769217232	-0.0286240896842741	1.1717819540571586	1.2435930068817995	1.3293599665891584	1.3879917974097475	-0.8617064496024928	-1.2983842383678983	1.2522793790271216	0.0215190400098189	1.8403887942642645	-0.2118206684275325	-0.7153719239157359	0.0139208099549656	-0.4438277571381113	-0.8031635071122909	-0.2350215317019915	2.2383069895715364	-1.37188724962828	-0.4547422776218796	-1.7402341053414148	-0.2651042018872682	0.920710986201657	0.8688218170380495	0.9049659224952192	-0.8948258863615163	-0.7793817780008313
-0.0023073097	-0.0271873657	-0.0866655562	-0.036562959	-0.0884266172	0.002845511	0.0775705533	0.0400772406	-0.0096019025	-0.0563615044	-0.0859839051	0.0	0.0929547510131243	-0.0879060562567701	0.0146836120293585	0.0031438604826729	-0.0032191942096315	0.000839065698751	0.1522411944360699	0.3411430261001532	1.0235344799583912	-1.802469701506016	-1.3631023674171805	0.56012606340479	0.7894345858183611	0.0701734686841238	0.7782650891330688	0.716925003557283	1.2293265200764572	0.877716086575128	0.9022217834261146	0.9479157582495	0.5734079364526138	1.317215369775839	0.1701956403148961	-0.7452060167756478	0.6068677126778075	0.1866643957232254	0.4251773699707906	0.9113999607937552	1.8420899851581256	1.3973800780579149	-1.1928743360016802	-1.3629887414178297	1.1577513875307976	-0.2469243617891536	1.2074863399857696	-0.7924166371046442	0.195585964522764	0.9900238844018038	1.3223037899685854	0.2821454898243076	0.780523862327173	2.130133961940903	-0.8301122666535585	0.0733618775185782	-0.7624453881582473	1.7491289134366057	1.6896378806220989	1.7293428744823094	1.8348476324826883	-0.2989687613111945	-0.8556308771755174
-0.1016245223	-0.0492335101	-0.0325644562	-0.0084555489	0.0003414713	0.0223912505	0.0769265184	0.0379018183	-0.0131809392	-0.0600703222	-0.0878489756	0.0	0.0981899842782212	-0.1054459980790625	0.0302130025545892	0.0036123978103274	-0.0028951708952322	0.0012997371630105	0.100966170928285	0.1631032244631966	-0.55599101899645	-0.8950128055018133	-0.8072703865999086	-0.5182760152695048	1.730701329922227	-0.1772909872228426	-0.5593152080195676	0.7153656265172567	-2.0993224637181864	0.6902276644293106	0.6733893175326968	1.0338046663762586	0.3542904840909192	-0.2101919243716115	-0.0894528668573587	-0.2016432057763924	0.4781643508334187	0.0478999356490377	-0.7047597832743357	-0.5795309210012942	-0.023466993318729	1.7616137273315964	-1.2852218451278974	-1.1041920119072572	-0.0671578288689977	-0.602253657257333	-1.923690345453904	-2.091851623204778	-0.7839834016790895	-0.3087694511167024	-0.1518589309960613	-0.1942097452326464	-0.2449662609820596	2.25207819656929	-0.4600333694706108	-0.0794401925212717	-0.2519261375542137	-0.320419887160598	-2.194929964792675	0.1529239828417247	-0.2133750174277582	0.1631771173416894	-1.170454376269083
0.0358722669	-0.0126238039	-0.0273569243	-0.0076691728	0.0527864356	-0.0537656832	0.0762691921	0.0357002023	-0.0167394815	-0.063613111	-0.0893347099	0.0	0.0978840706842305	-0.0424305288240134	0.0505095651820539	0.0032920860707115	-0.0025366193037239	0.0008471792332588	0.1401890085202995	-0.1108708835426047	-0.1899539715976435	-0.8875212589925948	-1.5807725595788948	1.617921624425977	-0.9665942282916128	-0.23967719204867	0.0087083082437784	-0.8915041141449526	0.3052433904758846	-0.1101698381072395	1.1486440780650244	0.3759937113538325	0.3802410154944041	0.9315521326449396	-1.070490841372646	-0.336524377873753	0.4667095007247292	-0.7811754776298997	0.7353525679717116	-0.1778323720788113	0.4761973739027733	0.6222382394028566	-1.5121550886317567	-0.2005266148746201	0.7884411553440795	0.2144700137770908	0.9376944476758232	-1.895718909669176	-0.5852979008506872	-0.5897373853062926	-0.2431400648220398	0.8929044571802391	0.2957454542830994	1.9762275121333848	-1.6846360799062896	0.3105031029441586	-0.4773620232996061	0.8662764423952388	0.7735640845007754	1.0025688578182204	0.8036944590126576	-1.3440932042341869	-0.26303616082899
0.0009415853	-0.0206866392	-0.0735524184	-0.0432257189	-0.0330157483	-0.0051159769	0.0755986879	0.033473914	-0.0202719962	-0.0669800789	-0.0904346925	0.0	0.097699216170227	-0.1134790686288198	0.0323622618723646	0.0039089180467046	-0.0024540706418894	0.0007353008605339	0.1299436481561242	0.0961707969622309	0.1807096800638344	-1.1840722892575732	-1.0526062223855317	0.7447887650318875	0.5542406116136956	-0.1894047015136222	0.3623233464462799	1.1497205866472755	0.9807074084815156	0.3803950165561021	0.6442430852839911	0.8115831883047931	0.5682846568510654	0.6554059436924093	-0.0870252779186116	-0.6993067215226573	0.3863574011102004	0.1509110868974751	0.1559047603069493	-1.3317283088744285	0.4116149564057031	0.5063525500301677	-1.6127195013024909	0.1692621927525972	0.7798326325084335	-0.1290769417121823	-0.1456563549166164	-2.0131344590660647	-0.4003232819490846	0.39769941841429	0.2637773670016944	1.9125538146732488	-0.335403107891843	1.8785095065363715	-0.3607256915962064	-0.4332718538842597	0.6116095426077293	0.8586413629246776	-0.0154047048430509	0.6862145632162311	0.3974664866406918	-1.2022710971701307	-1.5180921611082094
-0.0890735616	0.0075170726	-0.0144554679	0.0004186118	0.059665708	0.0497126316	0.0749151215	0.0312244919	-0.0237729909	-0.07016192	-0.0911441736	0.0	0.0844694525499392	-0.1123831104341377	0.0266985881481076	0.0048170177424961	-0.0022558297982124	0.0013209440039783	0.1045885796848719	0.0581674538206017	-0.5579637358742244	0.0603360510439655	-0.6056258648609585	-0.443239767721615	1.2787230324471182	-0.0086739182021563	0.2828324516077545	1.989141792262159	-2.6136812243771623	-0.4702491140896632	-0.4678131267117725	0.7435957014930955	0.5572097305166428	-0.3230180499307695	-0.1036669812086273	0.4190841074374117	0.3828789156504201	0.2661075853921662	-0.8660494625463113	-1.8732969475614727	0.3365071834514637	-0.0345102955110514	-1.502364149908897	0.2469321208537618	0.7212656683247641	-0.2444735651669032	-0.5434967980731982	-2.547292978792904	-0.4436024854429003	-1.219839980990857	-0.7938095817351009	-0.2665566703653991	-0.5454632372082824	1.7827504425964402	-0.9518075113558896	0.1966623014623029	0.7010241284271485	0.4258315609805035	-1.9513754352278927	-0.0854345741960471	-0.2827930417330916	0.7110230861060659	-0.2300958293403183
0.0609980067	-0.0063310689	-0.0028762182	0.0621252734	0.0569896939	-0.0350471316	0.0742186113	0.0289534907	-0.0272370221	-0.0731498398	-0.0914600897	0.0	0.0972226540386742	-0.0578176238707186	0.0882987889225148	0.003317924782217	-0.0018638770894816	0.0009820953728222	0.2404136038348613	0.090426084381115	-0.3601761933085315	-0.8612324771794634	-1.2041824283998468	-0.2749244959963172	-1.3270554428774848	-0.2007922795868712	0.7869975707135956	1.037941983609855	-0.3575506507148704	-0.4078944377089153	-0.9139957970351168	0.7910405618133093	1.3140635572998742	-1.6550737598379055	-0.4008982276407016	0.6165266539156196	0.4520978034096792	-1.4359304771148926	1.2770176233312298	-0.6798463875297794	-0.2481601083520108	-0.4014183653054534	-1.4799920451299473	0.3778050745934821	0.0252945482428202	0.1807371143326076	0.3161646147167493	-1.6068431799435787	1.764285845702562	-0.6532399592971498	-0.2179588615649851	0.359787736585565	-1.247539609627922	1.6479394446217943	-0.1026697554752717	-0.9816891607259418	0.0035894259318001	-0.8264078472912357	-1.7208569331469812	-1.5783638443238626	-0.9333399346833808	-1.272474763483585	-0.6823414100769242
0.0232306626	0.0374284623	-0.0103649103	0.0492488168	0.034897822	-0.0142585531	0.0735092774	0.0266624798	-0.0306587036	-0.07593558	-0.0913810765	0.0	0.0972099051827797	-0.1162802784870393	0.1271457864752534	0.0031469996462329	-0.0016911602541485	0.0011726643658479	0.1240329492420987	-0.1092377927178269	-0.5456440249473229	0.4916916507413744	-0.7431256962616688	-0.4894041715687961	-0.014066748833362	0.0366091338826904	0.2302651993449791	2.322992015210971	-1.064879761300357	0.6472766179600619	0.284729114801523	1.0540772020368316	1.367757528014713	-1.0626137624356506	-0.0467125266593658	-0.4052563119883762	0.2900459688431623	-0.6802718675548016	-1.956236669345828	-0.6086936826152972	1.6725825584328575	-1.371017013564172	-1.398050250414265	0.6970467608682072	-0.7058235002876818	-0.6518658693253082	-0.72119399011983	0.2281780318178746	0.5118182295127599	0.5063654133291686	-0.6874095842924884	0.4406626031831093	-0.8022646721110939	1.4442076475802506	0.8173445889908222	0.4731528554362252	-0.9256584812119234	-0.2902814151943544	-0.336067718815897	-2.217599940355678	-1.5948794694102926	-9.596506223023834	2.9073055342499585
-0.0371175338	0.0897288306	0.0544275585	0.1086280713	0.0324241554	-0.0282994415	0.0727872424	0.0243530426	-0.0340327152	-0.0785114412	-0.0909074754	0.0	0.0737589591310836	0.040564938045648	0.1008014799220973	0.0022282800359223	-0.0018650766065342	0.0008320794999604	0.2783015105667294	-0.5555293811416849	-0.2918752562372757	-0.0482710995919854	-1.1033725558974905	-0.8568458113274645	0.8895882162500904	0.3357271066362087	1.3063977802311502	-0.0093193117108983	-0.4269604959410109	0.4939763377846868	-2.199486147609195	0.9437601023159804	-0.2025918688506185	-0.5596992472680996	-0.3257720626910685	-1.2233290861797526	0.2809206678868294	1.143733382427749	0.2264745034593644	1.197458605916464	-0.230367146386788	-1.5048386048299274	-0.993986306960036	1.225567928186708	-1.162038557710811	-0.6155637880659381	-1.0701339924522717	0.6175721656388183	0.9970433311175676	1.048015111974574	-1.7070130793538565	-3.610961764707283	-1.0786638310117669	1.0658505730480934	-0.4253262254692581	-0.8143652092978122	-0.8552845220657274	-1.4925596787056938	-0.8728259207899306	-2.1413384344485475	-1.2002700874213246	0.0501687594057121	2.2830626358465387
0.132615626	0.0963017438	-0.0415339804	0.0345324392	-0.0411886532	-0.1358544343	0.0720526312	0.0220267751	-0.0373538109	-0.0808703038	-0.0900413312	0.0	0.0557748485215086	-0.0337031819095301	0.0676844349760585	0.0027415508893919	-0.0014940032854544	0.0007300501793871	0.1746879502669269	0.2793155803534851	1.489228337046061	-0.6236361715272517	-1.342842367676405	0.9813348477455226	-1.9708073986200456	0.6184566995521708	-1.9048396266030687	0.2798209481205257	2.070065952340097	0.6639282034952331	-0.1266019882802947	0.6630375148388244	-0.0359511316802718	1.084984637533038	1.7548258929840466	-1.6124134440581466	0.2782314411777399	0.1485596791082341	-0.2146389861592718	0.4953888485271272	-0.0662335810525003	-1.0640152219067258	-0.9810156615478232	1.3948586853938976	0.91152315038928	-0.3899160344923821	-0.0307218181238379	-0.1336420947146422	1.4794627337081772	1.9947737217159611	0.7225711583725881	-3.377511378014588	1.9812248761249416	1.3058427763946392	-0.8798973952572859	0.0140342700098975	-1.942192453405466	1.9299721798490317	0.3977881348899877	1.8980576666937568	1.6632314873976846	-2.686129140476721	-1.7957459064395478
-0.0825800728	0.1448792978	-0.0488776677	-0.0058416553	-0.0439322327	-0.0522237039	0.0713055705	0.0196852849	-0.0406168267	-0.0830056482	-0.0887863842	0.0	0.0574310887289044	-0.0514231556093136	0.0753654833593913	0.0028133589401477	-0.0014523085431779	0.0004940444338409	0.044532689219437	-0.000667687525535	0.712941587650315	0.2284696969625876	-1.090268510352826	2.1005164209965157	1.8414547399777297	0.8087838658505472	2.766980064278985	0.0534356319008879	-0.2376097604822261	1.064548337171953	-0.2701715375446658	0.6549134933957224	-0.8974901617290002	1.113954998848375	0.8491280773054649	-0.3304169780468193	0.3199095203996256	-1.7166714788942066	-0.3942465483581661	0.9829795454356516	-0.9542663558871782	0.6198195288918928	-0.7262527513868472	1.6813431745509066	0.0958121507083187	-0.4193154257390338	0.2745184794014973	-1.2354978727639176	-0.3237919462327552	3.3772610121034163	-0.4383241335971836	-3.56999336837983	0.5057408105518831	1.218364955107332	-0.2179101521144867	-0.4583329875318515	0.9481995472005036	1.1461742716659744	0.6518060824666386	1.0349020965249778	1.2822400330261852	0.4789358369446818	0.5914363873589367
-0.0549588791	0.0683130137	-0.0516776787	0.0460200491	0.0972275343	-0.0282514972	0.0705461896	0.0173301903	-0.0438166893	-0.0849115724	-0.0871480531	0.0	0.0443105601893165	-0.1063109977475562	0.1138384682629123	0.0034571642750265	-0.0012040524876804	0.0002610822289028	0.1627325353470714	-0.2327279349586598	-1.1828981412433164	0.248203136145958	-0.8165132486964646	-0.3676279060558496	-0.0794175609891247	0.3887283695117647	6.0762730166453816	1.6463389225757803	0.2942247868437099	1.8528660552727907	-0.0611646155382056	1.25741453941577	-0.7031191862856659	-1.1742500813275252	-0.0962566081109124	-0.2256990842010455	0.3824818748991488	0.1544946641504856	-0.3727209800889897	-0.7723031450562592	-0.8992849196902278	-0.133874504027194	-1.3968332009351778	0.9461021563250224	1.965861561245416	-0.681222458827455	-0.3273324059192981	-1.4752723384833168	-0.5649152423927908	3.982894962628401	-0.5579940189537774	-2.110416314984898	-0.653841963130927	0.8572201813340891	0.8458410280706861	0.440672862565474	1.3099130661307488	1.458577347803858	0.3683465104792578	-0.5961701174200826	0.5188972845403551	0.5870291000468033	-0.8302861830714399
-0.0058587812	-0.0173529834	-0.0052941629	0.0698111451	0.0393410354	-0.0618754927	0.0697746196	0.0149631188	-0.0469484232	-0.0865828087	-0.0851334125	0.0	0.056146749575916	-0.0870086525280129	0.074170184054239	0.0033839734368639	-0.0012757686368789	0.0007301603766927	0.1015060755723661	-0.0430280325605889	-0.5300837447475001	0.7905132317718556	-0.7722002932902476	-1.1133954082201625	-1.0286164248046292	0.0633813633019892	-0.3895519140699963	0.5154699169452651	-0.8472829276599725	0.3306366428055158	0.8057485726441471	0.774063045256772	-0.4073865396466956	-0.6355897109025671	-0.9042147758509848	-1.3264616976974053	0.6530598044500056	-0.5056947171316388	-0.3392330970972447	-0.4277019848914548	-0.8504896924165934	1.053564897211922	-1.030257050515774	-1.4490342606416813	-0.254297176512256	-0.4682476600183668	-0.1986691628642116	-1.984508514559538	-0.7262934434944653	2.417716489166161	1.0604924852934452	-0.3800087921949334	0.1820873312419109	0.8128391356310972	0.7334497611533074	-0.2334989577190996	-0.3801510482802805	-0.422305131705621	-0.2385816279847029	0.4818875412207545	0.4978571478764683	-1.4404328320722797	-0.5715593374226653
0.0617498593	-0.0543257304	0.0040871555	-0.0416871473	0.0274281807	0.062505382	0.0689909938	0.0125857064	-0.0500071591	-0.088014738	-0.0827511615	0.0	0.0407255650638234	-0.0458181294972774	0.1295269864997976	0.0030987756188271	-0.0012768526643374	0.0004229796643857	0.1416416378785017	-0.0805601024120458	-0.478364104779075	0.2080203646422907	-1.275717338660583	0.3851387550883553	-0.4356227025979835	-0.0767572044300285	-0.0168006408413207	-0.9567194312017188	0.0988988400139365	0.3724411930480457	0.1170547444007205	0.9541369838203124	-0.1495244671069092	-2.229111512280624	0.2520238521161449	-0.984633492098114	0.9228984981244894	0.4595124454587677	1.384980589167144	-0.5720163580795335	-0.0022582148003906	0.5429500214725009	-0.3928992445403797	-1.7453506371429883	-0.448230129751121	-0.2100673807590479	-0.4653216139588879	-0.2525706896761635	-0.678829021220323	2.5695050625154794	0.2674501117001002	0.262583103724349	-0.8305543737196988	0.667114158643781	-0.0230540328829431	0.3057764842368637	1.6758991915102914	-0.901936162386854	-0.2016436566929013	-0.858348648133254	0.6469744933675992	-1.0431080482766772	-0.5206055687309238
-0.0651544313	-0.0586418729	-0.0409104287	-0.0326446042	0.0289161371	0.0647474994	0.0681954477	0.010199596	-0.052988141	-0.0892034024	-0.080011587	0.0	0.0503132128488488	-0.1172890374255928	0.0880439920846782	0.0034643738058721	-0.0012760086956029	0.000572211923372	0.1483252708667501	-0.0909882458259385	-0.2765224159149271	0.6156669699760634	-0.7206439255313463	-0.3353092418081973	0.9005898195867095	-0.0422084615278544	-0.7309165703504661	1.2663058633071704	-0.2752362623231285	0.2342864944922107	0.1036623812115597	1.1244695784744407	0.4026854215314552	-0.7616579721681829	0.9101406913433968	-0.8569494180706856	0.8142776490616643	0.2724837963243183	0.5203676977284968	-1.2502661505569357	0.0907626102276307	-0.046411445876644	-0.5777543041378792	-1.6809070196507083	-0.5120734455763739	-0.6176034872570649	0.7885966596776588	-1.2335102419256865	-0.633148545471683	3.0403600069610484	0.5313125203286841	1.2485544233516923	-0.5684754556651178	0.8153522912722032	-0.1231007918655302	-0.2171552792300241	1.1032911243721946	-0.3150407646281019	0.4333258229271403	-0.3050431729940021	-0.1418592995185836	-0.3083198320253917	-1.1746584821684334
-0.0471693832	-0.0523014195	0.0088099682	0.0486749702	0.0981860265	0.0937965202	0.0673881186	0.0078064368	-0.055886734	-0.0901455167	-0.0769265184	0.0	0.0525754067321031	-0.1038446862388724	0.1149911023051259	0.0038386052602669	-0.0012747179911427	0.0009309502645897	0.0793666802940574	-0.1724940028070399	0.1142258354509022	0.9397197474237616	-0.4524306172305958	-0.817365332666637	0.4472335948150552	0.1866620628077142	0.2891374927487476	2.0642148500315534	-2.163599384103455	-0.4480104248168362	-2.0381850421428997	0.977457070896299	0.5619729865319859	-1.6562710899630022	-0.8352434777675691	0.3303217063745552	0.7861003138683086	1.7083292929601013	0.1732722772557941	-1.0681545965307295	0.6054793347369692	-0.0387763688024753	-0.7702872443032318	-1.6455563060783824	-1.7612323088220831	-0.4616534672312895	-0.4302188812775893	-0.8806116368802734	-0.0287518628331449	1.5394041995442758	0.4262078646037912	-0.1011060422552222	-0.0863885179615915	0.8091333780444616	0.0703908526527254	-0.1366593647425579	1.5696260347854532	-0.6782282654127276	-0.9220130394888896	-0.5661861786257085	-0.6910051055854738	0.3336260356880766	0.5015236854630372
0.0862409388	0.0117005885	-0.0411378792	0.0480196387	0.0577749403	-0.0320342426	0.0665691461	0.0054078825	-0.0586984312	-0.0908384769	-0.0735092774	0.0	0.0519450217981898	-0.0494487676648844	0.1379440955573017	0.0026319206717783	-0.0007951244801074	0.0010470484411839	0.1680981105659821	0.0004910448938364	-0.0712152181285238	-0.5651735906270114	-1.2497263777279946	-0.4538584465241472	-1.3289137208017985	-0.065821842596028	-0.0542053036358151	0.3413600869465335	-0.1759508395902413	-0.2247379745451132	-1.338315025952536	0.879615591263226	-0.2641203205117436	-0.6858627638839906	-0.6280735008937628	-0.3496347416469049	0.4815309802668604	-0.3477031943361949	1.5545626126360557	-0.3424261827073545	-2.083707007640036	0.3320282999163872	-1.2849489574236743	-1.0497701980217404	-1.2578491719409872	0.040379609984152	0.3460224313963791	0.4647488133244474	0.5675832010192539	0.7342278121005057	-0.6292428733201955	0.0893671726150682	-0.5561713893002393	0.7141929439981688	1.026604226444048	-0.7404097970833786	0.4083233006775293	-0.9848400446931358	0.0030447069775584	-1.1826783261621845	-1.065200254238108	0.8317614473242617	1.2673647686476015
-0.0720763684	0.0257038533	-0.0196631474	0.0711712066	0.019118428	-0.0281961351	0.0657386716	0.0030055908	-0.0614188607	-0.0912803678	-0.0697746196	0.0	0.0518432550741749	-0.107613311066899	0.110897183215215	0.0025020661090537	-0.0008468287693681	0.0013370628673638	0.1088918863763762	0.1529345305759198	-0.3608729770688587	0.3622356828254759	-0.2860587453620073	-1.0705805597696822	0.7606444750238305	0.0563654382545049	0.4282608133526174	2.600491656698904	-1.968874419661244	-0.2424750893078781	-0.2532304841258812	0.8256052126822822	-0.2364835530542488	-1.4969359203497266	-1.0994389654444	0.0976594391193394	0.393527537405013	1.1644707003275678	0.1438479293400479	0.2183347144964929	-1.2624159370760812	-0.9451637270326304	-1.4194693185998075	-0.5194453594723595	-0.9937752471608932	-0.7107682223385349	-0.1524692617385742	-0.1242893112244595	0.4926765115666872	0.1229432866956112	1.5317075095208488	-1.5295290021828225	-0.306068521181272	0.5300725868298669	1.4773410774745257	-0.5628055981916873	0.1488432680844489	-1.2212073544347557	-0.7527483274760419	-0.6317590678255924	-0.6466085716514021	0.6605341070461361	1.420857388930923
0.0593219982	0.0774725697	-0.002414811	0.1086453228	0.138242571	-0.0271133825	0.0648968387	0.000601222	-0.0640437928	-0.0914699679	-0.0657386716	0.0	0.0378487944278589	-0.0139609356070167	0.1818246411110635	0.0017769381327667	-0.0012438798795375	0.0007001061596976	0.2665310837081768	-0.1934566073668665	-0.4127599914476522	-0.4718024348249969	-0.6590859191672445	-0.7422581700549926	-1.2383290930001227	-0.0105192985030865	0.5426067732736557	0.8612165638510128	-0.0868920995604746	-0.2236992993024297	-0.5625842710151581	0.656986245119193	-0.2125269638356996	-1.4658383264686266	-1.576585100569971	0.1574826166644599	0.4303055916065582	-0.7211148294861827	2.4163089540389	1.1250616989120097	-1.6791277977956756	-1.299582596226066	-1.5269961718240408	-0.0170843942139055	-0.8280542187521787	-0.751968171442367	-0.6186830707176789	0.9906568928010794	-0.0128392681523475	-0.0759739480482452	-0.2096085440152548	-2.488989637809748	-1.5566518245947736	0.4893299616750769	0.3315645602085889	-0.4667043456661101	-0.9742780970616598	-0.426162402111118	-0.641204479725097	-1.202137813246575	-1.202587443910497	0.3422704645892979	1.9132935106818196
0.0410690888	0.0439955143	-0.0650864326	0.0237471365	0.0115423755	-0.0972730299	0.0640437928	-0.0018035623	-0.0665691461	-0.0914067533	-0.0614188607	0.0	0.0398253738893714	-0.0853586298890576	0.107367450474797	0.0028030538481451	-0.0011781926191758	0.0009311535594258	0.2139739831532349	0.0899492768580394	0.6113930914797003	-0.8493215988622701	-0.6184553568320086	1.081021084673289	-1.4057537196090275	-0.0738044290316883	-0.3484236418087439	1.4901518115722083	0.7881808189562478	-0.5492282232230653	1.556467943291844	0.7197540359268254	0.1318077080047492	1.0295189823270487	1.341328097966637	-0.9742209886592148	0.3165286377026478	-0.7914633033363944	1.2190511303870473	0.2759497563183292	-1.443133515736554	-1.0992787228658945	-1.675393936119469	0.1436481877712121	0.7276570296968197	-0.4974798713640284	0.2811134108495072	-0.1077107300083454	-0.2247680865143425	0.0991796125471757	0.5825474736954354	-1.200251194300503	1.6704327495817135	0.6358635770037584	1.0071111382011562	-0.5483163840296511	-1.615157687689219	1.878445449976656	1.0526253858597618	1.1131682975723158	0.7818267699259853	0.4168376404441902	-1.4727252588256388
-0.011593218	0.050444904	-0.0229215805	0.0362568128	0.0264030726	0.0303211049	0.0631796814	-0.0042071001	-0.0689909938	-0.0910908987	-0.0568338402	0.0	0.0369537032816111	-0.0633956564444844	0.1332801416035778	0.0029039539864571	-0.0006630416984334	0.0013499658571883	0.1024905030219592	-0.2934676103288727	-0.067467427123416	-0.1493557629124978	-0.6105915196286344	-0.321224831042269	0.3575917681829292	0.1631498449878533	-0.3858848135747116	0.4427582798749034	0.2376197523953681	-0.5825337851104563	-0.5704479442856661	0.9960192094680554	-0.2142137831368396	0.0749147565391285	-0.943558780158583	-0.9434796669855224	0.5361378433191111	0.3809220867617998	0.211446247316352	0.4221925192024701	0.7437538152764304	-1.5668731492902608	-1.3654438740225665	0.5827116479934819	-1.220807614453692	-0.4655456981961738	-0.8252292216539145	0.5404172949098155	-1.311547774098112	0.6715263919554882	-0.7491123057843171	-0.7514367451505947	-0.1410630301751162	0.7711862581920179	0.6318452813996153	-0.6841146990401902	-1.001646600294056	-0.7393694012243316	-0.2068916990730909	0.4001619532727516	-1.1790391889032932	-0.0158330184303321	0.5411731815156926
0.0692851135	0.0515325964	-0.097321878	-0.0743241531	-0.0206929807	0.0167129321	0.0623046536	-0.0066077305	-0.0713055705	-0.090523277	-0.0520034083	0.0	0.0411765869926199	-0.0623946448843213	0.1233151219657315	0.0020844598385419	-0.000837373642359	0.0010818742979722	0.0782847974618632	0.1617256405387999	0.5087838348640259	-0.1723235614771734	-1.0682701383251247	0.4568215945680591	-0.2081752416145608	0.4098602573121274	-0.7031138741386878	-0.4968933484872194	0.683103713183095	-0.3016834210028816	-0.4235895515982993	0.9611568992774064	-0.206851943237503	-0.3230207359142376	1.263561507481899	-1.278529936792921	0.450343652573792	1.574771536803255	0.5946441122136248	0.969144659697521	1.0372083826289271	-1.2095563934078386	-1.0498015788628576	1.1715056300077764	-0.1997493553616493	-0.0328703815089845	0.6874969507665522	0.6048597530531021	-0.8669665085503736	1.2029058239650985	0.8371075067152153	0.0549384023426677	0.5113505738446488	0.5198581036580631	0.9823525613165766	0.7473350287580068	-0.5360545220624389	0.3648803553589941	0.5816341149893874	-0.4721324309069667	0.3066010053460241	1.1402222521733087	-0.248404380294146
-0.0684381814	0.0964244104	-0.0300061861	-0.0066147001	-0.0259544092	0.0553689336	0.0614188607	-0.0090037942	-0.0735092774	-0.0897054572	-0.0469484232	0.0	0.0356567307526631	-0.0789441002080479	0.123987349115282	0.0030459452907601	-0.0006950830062637	0.0012600621908552	0.0868397377730589	-0.2764990302264585	0.1264611885030917	0.8655340507967032	-0.2475389862774806	0.7923612315167119	1.3119145707476452	1.0277191835108914	-1.3542429825638451	0.0509525999243125	-0.1278616930987962	-0.1920509204787354	0.020419479930301	1.1036645037477846	0.1364684458946362	0.2482328116768138	-0.4981269344897587	-1.1549548532774558	0.1230245029346569	-0.1096255242210019	-0.2026630290380848	0.1933316143892138	0.383634707756332	0.0009411491935711	-0.4378972315047544	1.306276933559526	-0.8651006036288404	-0.7326443505181407	-0.2421226549357003	0.1592624934984128	-0.7630223104306396	1.5345124860719792	0.6688215467822969	0.2708032271186956	0.0833899214535308	0.8016318665312181	0.9847399163487154	-0.2260135343880867	-0.3681027960325404	-1.0410580995843717	0.3184923227691022	0.9741218586936836	-0.8480100041572565	-0.2095419109985645	-0.5507528707459128
0.1055661714	0.1088146453	-0.0723358907	-0.0673598359	-0.0453164856	0.0824851967	0.0605224558	-0.0113936355	-0.0755986879	-0.0886396995	-0.0416907124	0.0	0.0282127148906141	-0.0419403950615446	0.1132014549706355	0.0026679291330644	-0.0008266318528342	0.0010271053800919	0.0923597059046738	-0.0539871795364817	0.2416240730500599	-0.3869014568248272	-1.2084717077395926	0.3839072224064821	-0.3460515821095711	1.6264397102718944	-0.4924169695891351	-0.7257919820919678	1.4479974120161143	-0.2997140308134427	0.5289752798564031	0.8899104929475692	-0.65478934653601	0.0612765323565198	1.298912435039157	-1.0931393628138566	-0.1467426808208974	1.2665869993320198	1.1367265128019968	0.1153946261879705	0.9668031816782054	0.4021519349466065	0.0049224361886569	1.309624856366276	-0.8815004285106726	0.0073138931034837	-0.2658392795585905	0.4395515738712535	-0.5087812457367511	0.4348799035698161	-0.144600584085264	0.5422256633589123	-0.1398328379535043	0.3654574991203348	1.2211815949640288	0.8180495499794546	-0.0095751840934348	0.8775578378467375	0.3900745439269574	0.002330217357719	0.7017511213804991	0.3157160297508055	-0.0959200177283639
-0.0743776268	0.1316403046	-0.0203133047	-0.0646432296	-0.0440121698	0.0458864029	0.0596155937	-0.0137756027	-0.0775705533	-0.0873289498	-0.0362529791	0.0	0.0299289395563135	-0.1103805503578883	0.0918924958937594	0.0033558370852832	-0.0006312499665381	0.0010440664485352	0.1364778843868292	-0.2102838621712031	0.5050546691561125	0.8337279662592391	-0.5316211990572626	1.355406491218034	1.444332725599101	1.5470723240907969	-0.9721118795792318	1.077650883199339	0.2257956119524641	-0.4071647500654362	1.3797962169318465	1.1399059016243558	0.4884210036587054	0.3888448704867288	1.0271270086017952	-0.7042858331682086	-0.6977638938646445	-1.38757554712959	-0.1402727978347313	-0.3980528017223879	-0.480386284618583	-0.1638726276476556	0.3362597824259233	1.0272425070807252	1.27600913832686	-0.5481247591256821	0.6481416099169799	-1.270547200194933	0.114139866468045	0.5171210544725829	0.5200978924164912	1.6070092654617243	0.8784290361346242	0.708334507430682	1.0517743135103914	-0.2825455782487018	0.1917635273305406	0.9737248258684612	2.139144795848772	0.9920923620869548	0.7452109569335836	0.2149570398301022	-0.7061883368864654
-0.0335166308	0.0955948956	0.0075613137	-0.009345204	-0.0128393246	0.0561429229	0.0586984312	-0.0161480496	-0.0794218076	-0.0857768306	-0.0306587036	0.0	0.0405888751327552	-0.1154845335202878	0.1089094581700607	0.0040343887501078	-0.0005939599776374	0.0012602039456852	0.0793798385589075	-0.2821194619134587	-1.2618563998155363	0.7882300516291179	-0.3984170271546992	-0.7869864133475777	0.5399261305302193	1.2286367604205557	-0.4627206326013022	1.2328691185617515	-0.6311393068206009	-0.7753483747232875	-1.4024832272619636	1.1802053334112643	-0.0722447189330127	0.1553894559056525	-0.5409884050644401	-0.1339120795891187	-1.3425029612913484	0.172517054714451	-0.5704615368595638	-0.6502799058955699	1.0068348262196565	-1.184356359761013	0.5327739886446998	0.4176832275203475	-1.6494938700447412	-0.2983905090667096	-0.7627145759232539	-0.9369284869575968	0.0580586677372972	0.137684356624701	-1.0461605553064584	2.3324948590673267	-1.5589111589358309	0.6887560689053724	1.519238090733247	0.2430730953534574	0.5134440860192723	-0.1658894231022277	-1.143003620574845	0.335988964589209	-0.4136348297334059	1.298256756796522	-0.1921385183353987
0.0724985102	0.1279441064	0.0251366296	-0.019850058	-0.0068984773	0.0360151798	0.0577711266	-0.0185093366	-0.0811495725	-0.0839876321	-0.0249320423	0.0	0.051757247384998	-0.0497856473244411	0.1406334669146787	0.0028968897246976	-0.0005509858032055	0.0013918013509143	0.1741947974462675	0.0113779307982108	-0.086838164849184	0.2974772881791651	-1.1228922477809244	0.1780262396188377	-0.5459858909038455	0.5941136631260787	-0.5242461719376805	-0.5386148508687134	-0.2593823968672777	-0.8233426297759876	-0.5307574026066326	0.910827881700436	0.0940645579768009	-0.6636029891841444	-0.0493704469177119	-0.2525192224224653	-1.8545808259896528	-0.2169986984844633	0.6044531948136602	0.1878525160152204	-1.1060880071984378	-0.7004839678153841	0.7618020387339735	0.3660825220086514	-0.3106112375463572	0.2741571862747935	0.2618266257179051	0.1560826508478447	0.4094289936287068	-0.0599059227336316	0.6269462179200056	1.371686837869624	0.0260966529522825	0.6647373226427828	1.46498633797136	-0.232999864342543	0.124464247518451	-0.4149296419635156	0.2069364340014583	-0.9617420829958062	-0.8244326137572516	0.7225832046484395	0.7461977232578625
-0.0598253793	0.0983830542	0.0806389148	-0.0261223605	-0.0491888259	-0.0353319682	0.0568338402	-0.0208578319	-0.0827511615	-0.0819662993	-0.0190977232	0.0	0.0516332894162161	-0.1146287446364056	0.0867904098806491	0.0033888132068493	-0.0004828675836949	0.0012598226977188	0.153411130057666	0.0970108651362107	-0.7683494576401099	0.4282350763925914	-0.2854632722113129	-0.5453748153193833	0.627341852647476	-0.252634128038336	0.3363535414656015	0.9301854287937544	-0.373763876154972	-0.8357544266974468	0.285872712676113	0.8343066268935765	0.2531229302727367	1.126460124824154	0.6080186620042445	-0.9068320853826424	-2.0828218769890787	0.0799526747137178	0.7175892943347191	-0.1934813928129106	-0.2612430533830528	-0.9692362654902472	0.8820910289618016	-0.0070564663159904	-0.7381748502769103	-0.3530025333387859	0.14276903056112	-0.6273841373450263	-0.1386409618159927	0.9700687766496368	0.6764862993898677	1.6754739248606048	-0.7118106361287282	0.7778993074915154	1.4588693313011825	0.7826939292771519	0.0362804673321018	-0.406842484162548	-0.0966990604497699	0.6593729387052155	0.0301391483664539	0.9597115671902884	-0.7712800858953548
-0.0199249454	0.0807073711	0.1662525758	0.0042943536	-0.0251014173	-0.0300088034	0.055886734	-0.0231919124	-0.0842240844	-0.0797184191	-0.0131809392	0.0	0.0377311003865372	-0.0815709854155812	0.1335981624127811	0.0030493114603508	-0.0004830810783389	0.001259240280578	0.1107825836968003	-0.1430848722920385	0.1630358965675693	0.741449054999296	-0.3033640748237782	-0.53251134703751	0.2676142051510521	-0.873890008854919	-0.04941943391137	1.0613110389432103	-0.8260941971254254	-0.719641493152639	-0.5609759735573818	1.1823222973926977	0.5158384248141895	-1.1372500003500277	-0.208653024526664	-0.8788289573842286	-1.832062795251039	0.6807375854659912	0.5070370807790934	-0.2370806557798621	0.7466990155736272	-0.1485209604754123	1.044729130355568	0.0089042118532536	-1.335900115476751	-0.4855651693922662	-1.1561618607981512	0.3982767018419433	0.6123003548831591	0.6834508991498313	-0.2201539637557993	-0.8847843606897525	-0.0348488124136869	0.5706693518787344	1.189142044954573	-0.6795141874380154	-0.1001386920594576	-1.1769254868760188	-0.9620256680792774	-1.0799363663206265	-0.7993899053173437	0.5942727165013523	0.7973116170337735
0.1119920889	0.0829447766	0.0850215971	-0.0287489209	-0.0833067477	-0.0657314859	0.0549299716	-0.025509965	-0.0855660509	-0.0772502043	-0.0072072393	0.0	0.0449562433177135	-0.0499669694251139	0.1363822440650608	0.0028328857248177	-0.0006503583869519	0.0011599230667814	0.0657642534710582	0.0185962592231272	0.1054123609738312	-0.3988190475701813	-1.020988535685158	0.2460295825520159	-1.6779868135486746	-1.3123187270252037	-0.4582982134609456	0.6663917686304482	1.037463591084621	-0.4494825036535979	-0.9274053739278788	1.209682818270426	-0.9177428966670886	0.7699123472280678	0.5528795173451545	-1.109697451021296	-1.5915203576264223	1.4070842038762672	0.9444101292779424	0.3130881514968688	-0.5285019012506074	0.875362834477969	1.0791301665370463	0.0531558891230508	-0.1926152310026819	0.0082415614758814	-0.2682565402412164	0.8191193244495725	-0.1725643259588823	0.6840653903456799	-1.0276031749351966	-0.7220801312036451	-0.1904502832416859	0.5389656625798273	1.6821947092735088	-0.0797823055943789	0.3560465284859996	-0.1585917712580155	-0.4249529256538649	0.6904829845123294	0.1149301277912401	0.3902833641823618	0.0410333582001075
-0.0865370784	0.0612026853	0.0461517049	-0.076277236	-0.0824686795	-0.0460561788	0.0539637182	-0.0278103878	-0.0867749746	-0.0745684769	-0.0012024181	0.0	0.0516916414128587	-0.099998181581995	0.0865703175441865	0.0033849330561511	-0.0004810306188152	0.0017558201901446	0.1724421479145656	0.1066053030442782	0.1983256671795147	0.8398402204775882	-0.4553906004250851	0.6939780261815397	1.6614279599749755	-1.7522143099725638	-0.4041687994975227	1.037142115224391	-0.2477762527378749	-0.5876002201882786	1.5217939329064405	1.0900135425107276	0.3285063607213234	0.930105145627194	1.1655980665137746	-0.3427680196759954	-0.7826553517095105	-1.1802087614820422	-0.2961497195728624	0.3021200122584385	-1.1917714191779052	0.8626848914203186	1.204898703499069	0.1907254007298849	0.365950705012215	-0.2158361611825661	-0.3478516923700645	-0.2082592523590769	0.2544676841766912	0.7373252806248929	0.9534280244343848	-0.7055389109955671	1.0545813007803255	0.8576373894724839	1.6063591786730425	-0.590608674689139	-0.2953511199662971	1.063205545716459	0.5079273184879382	0.9236368196524568	1.1657338221617686	0.655309447342904	-0.4294906168641408
0.005696596	0.0147414224	0.141674001	0.0307977864	-0.0162704133	-0.0460044084	0.052988141	-0.0300915909	-0.0878489756	-0.071680649	0.0048075951	0.0	0.0517605611117346	-0.0629643618338349	0.1463856435602935	0.0029964290949962	-0.0004818706702285	0.0017557266462131	0.116389943288128	-0.256126940369149	-0.7513210303133223	0.0096412982209152	-0.5606469041280984	-0.085593963520869	-0.726224492287137	-1.6925489306918893	0.7052421336445466	0.6418558276495602	0.1317581992340902	-0.8961313557126895	0.0112214851712579	1.0755320709829514	0.2808396358244929	-0.9022300498182712	-1.3754094793978966	-0.5928096501857936	0.1309950652495543	-0.275221536411208	0.0491592267696276	0.0070531533488333	0.1527888863224547	1.14897486712785	1.2961336997037525	0.0440146873013485	0.1445521757826918	-0.0794133457600406	-0.0129551509362045	0.7290508537681072	0.5652349661816997	0.1574086663739003	-0.1791209346526118	-0.3702257567529409	-0.709471707044383	0.4925886937047468	2.0627341014754794	-1.0151074266455995	-1.1969397255145224	-0.340073939011652	-0.4886289611773406	-0.0971821452399448	-0.6204278599117258	-0.0757928645328816	-0.4681621396052314
0.0664305279	-0.0500558903	0.0365359443	-0.0811307404	-0.0985023236	0.0037799732	0.0520034083	-0.0323519979	-0.0887863842	-0.0685947023	0.010796849	0.0	0.0376842150363074	-0.082729656112761	0.1278407556886378	0.0027573139898853	-0.0004832316731888	0.001283668524065	0.0880132397369739	0.141714289343514	0.6596555412785218	-0.3549496246025327	-0.7001100853698845	0.6260589137056642	-0.6069038461790006	-1.5318028137627473	0.0562506727426381	0.9669172799588526	0.6142105375722103	-0.3826693178246457	0.4761624652116902	1.0235855183073697	0.4195306708099672	0.2476371695188584	-0.0842489275939205	-1.5337627800762397	0.6205672598576771	0.8985976557496878	0.4443732113962215	0.1364064597670599	-0.298814718008359	-0.331653114266964	1.32526504067387	-0.3406778684447398	-0.0544654628662247	-0.252357521549214	0.2276894127591555	0.7331448740183546	0.0216567709292782	1.036846357028836	-0.660330819736575	1.0203373032110876	-0.756439572825817	0.4980336502926996	1.5457027357306288	0.3272070167504257	-0.3600697489475593	0.4723491648654	-0.0362659679841645	0.6053186356622242	1.4431467604670891	0.1079278460171845	-0.208026633761842
-0.0943205251	-0.0333980209	0.0367607798	-0.062735692	-0.008005366	0.0098714612	0.0510096905	-0.0345900464	-0.0895857427	-0.0653191659	0.0167394815	0.0	0.0512539754378735	-0.1135603172633636	0.1017159431935539	0.0039001137557689	-0.0001278815772309	0.0015997570259978	0.1612371522359676	-0.0006553672314993	-0.7087761225792378	0.6773425286651243	-0.0369242528897173	-0.402000326268513	1.3882401692084292	-1.5593245844014685	0.6565193471520429	1.5365811141928976	-0.6500305188230169	-0.7256202361440178	0.2286171820244614	1.0137773538337662	0.801057570059806	0.0110459817990978	0.1955303584094249	-0.3073400657630804	0.5091503729330307	-0.0467214661445722	0.0657281409944784	-0.5716535873028034	-0.8696311363375596	-0.3558410626471651	1.2530679634776545	-0.268071989489145	0.3309330024046473	-0.5885878755264994	-0.222524594959643	-0.6830909013635312	-0.5186560434518674	-0.0153902954320141	0.8981259950214335	-0.1552253198504143	-0.2055493195419278	0.8460525923978146	1.730205020266267	0.3734556843598056	-0.3612813963011763	0.5036099432981977	0.4227058028219	0.2499715530913745	0.6585662537970342	1.2471643136761463	-0.1441196946033298
0.0495830806	-0.0362737323	0.1340228027	-0.0114483941	0.033507027	0.0341046243	0.0500071591	-0.0368041899	-0.0902458083	-0.0618630933	0.0226098321	0.0	0.0514930821700545	-0.0581722306698964	0.166785882448309	0.0031668764694838	-0.0004820730483479	0.0015337681268781	0.1783680154064932	-0.1966758137993982	-0.1305457214018001	0.1159697126222602	-0.6976865416192123	0.9660520982789068	-1.0793298219913068	-1.6334096304994243	0.4933415646463072	0.4244723849092373	-0.5927718101928766	-1.010723770019992	-0.5880776213914967	0.9632038215232184	0.3530837121142915	-0.9220542893286444	-0.9923054681144008	-0.0104622169416131	0.6860926525947724	-0.9916294200638572	0.6053219083630513	-0.2127496596044518	-1.1258463542390216	-0.2027359349788001	1.3553917625679386	-0.1948934588963534	0.2928202715970525	-0.0024941688128034	0.3311258456458125	-0.1169999969262544	-0.035209829159212	-0.3736056130740789	-0.1527977328101948	0.0799242451031976	-0.5203871829054916	0.5738662692001207	1.0686359034524375	-0.5295386157137015	-0.4600490082242192	-0.415161281738691	0.1938413276402599	-0.6737396747896154	-0.5928983180462182	-0.1379357853177341	0.0719612877217424
0.0346688826	-0.0457044612	0.0493395417	-0.0886489985	-0.069106413	0.0027038561	0.0489959873	-0.0389928981	-0.0907655546	-0.0582360367	0.0283825523	0.0	0.0513317392640146	-0.1011490885056503	0.1275825342238761	0.003597013085914	-3.859770662639761e-06	0.0017460091792964	0.1383710962929147	0.2003244578946917	-0.4518790214535605	-0.3316958189970241	-0.6232429737911537	-0.5694105369131076	-0.4202756232870824	-1.6057515147401624	0.3039504555513111	1.023909140947128	0.9113713948750756	-0.7453298907254516	-0.9953750595312272	0.9829749916344624	0.4198996515167503	0.1875259888180395	-0.1088764309202959	-0.7661428474235795	0.617348857859254	-0.0418068512462894	0.583521064581662	-0.4693556731269773	-0.9837502897327726	-0.4104880389707204	1.258407951280161	-0.2795831290885784	0.1048297722132813	-0.0249959334641155	0.4168197704111189	0.1844061212622449	-0.6786798367547783	0.1266575157418228	0.0574136197249303	1.5250927382281858	-0.3086805694449736	0.665303770886869	1.956569760866521	-0.1968385680529887	-0.1101960827866512	0.7933125663645794	0.8930397987963513	0.5129269789421372	0.3202489955931403	0.7578472384133192	-0.3671865181843876
-0.0551625412	-0.0461751608	0.0547523625	0.0002789011	0.0299244092	0.1017121422	0.04797635	-0.0411546584	-0.0911441736	-0.0544480209	0.0340327152	0.0	0.0627715678439102	-0.0986271044376962	0.1484306150922805	0.0036229819341357	-0.0004799505434243	0.0019608778314814	0.0706563071746721	-0.1590036335320945	-0.0978744711069517	0.80792115730699	0.0858267636019851	-0.8699618151182266	1.0748467291727932	-1.4202802718675076	0.4568386413662448	0.9482529092425778	-1.9100143452722576	-0.8488546157583415	-0.6531733893682263	0.984681383835414	1.012340425883054	-1.5263916470794776	-1.224443323972638	-0.2924637530098057	0.8479983120861306	0.093711238285977	-0.5441940988811278	-0.1884353909555203	-0.8501281315400886	-1.3537911565027312	1.2163350929681545	-0.6122326111719333	-1.5091606948829523	-0.6548895655914834	-0.8910602681154528	0.1370980306824195	0.0040121098438243	-0.4821979723765403	0.3897716202367766	0.3075531971254419	0.482412893624415	0.6503338659124136	1.6158117218111794	-0.1952130115303783	0.0856877002059745	-1.112195434606617	0.3095890833707009	-1.3795971832526366	-0.9119997028338483	0.8537498938299714	0.21942397728441
0.1008870419	-0.0780522028	0.0362345692	-0.0031319385	-0.0128742926	-0.0135155932	0.0469484232	-0.0432879769	-0.0913810765	-0.0505095157	0.0395359232	0.0	0.0514649077481834	-0.0340349891903599	0.1660719200476279	0.003250725089773	-0.0002248159159212	0.0019598720050818	0.1249599452116805	-0.2540438181866593	-0.1364903937178286	-0.1317586292301971	-0.6939296901342686	-0.7910779044559366	-1.5958270383802613	-0.8122181414515115	-0.6165234273558967	0.5127327747070567	0.0902463078381545	-0.2533247628679194	0.6315877599966783	0.91178806604505	-0.8691643518472494	0.3407106405734264	-0.8193563236062503	-1.0714023323229562	1.2798571203752231	1.236709658928279	0.6986877282482351	0.8906938255000495	-0.7005323283607324	-1.3275654682647084	1.2003144522920794	-0.9629206321271632	-1.16307511306714	-0.2927622377427769	-0.36924164134875	1.114381635266203	-0.9364032927731568	1.100839908768407	-1.262059235816886	0.1774360778401773	-0.6670964703477759	0.5888417384250867	1.2143231525881104	-0.0264524872752213	-0.2554924333804911	-0.2960404598674557	0.5950430990354223	0.0069646139326356	-0.2000747489149632	-0.1117687085297218	0.7099606959082975
-0.094589153	-0.054464725	-0.002301013	-0.0347079411	-0.0513016217	-0.0242267217	0.0459123846	-0.0453913792	-0.091475895	-0.0464314067	0.0448684131	0.0	0.0707808784595016	-0.0955406044476205	0.1196659361878857	0.0041991701310103	-0.000158385853892	0.0019598410555921	0.177972872466131	-0.1133791869252445	-0.3019749149464999	1.0184942545371627	-0.0851775078480381	-0.0257805152405736	1.3392062022163889	-0.683964337241517	-0.7195491542147202	1.3501247750943095	-0.8045393467071945	-0.8286487681647711	0.4920635156627177	1.0376001802431858	0.1468066477638088	0.5826644380821957	2.014494163408634	0.4162014062202968	1.2617646813749226	-0.3842291658724848	-0.4369941188389541	-0.0306844127511095	-0.144260215179278	-1.1859613453610809	0.9265476669894256	-1.1695429221626563	0.3526340670507183	-0.2286379382395522	-0.7052865995144731	0.0507909981218559	-0.2856379639642112	0.0992817511237207	0.6256208075142171	-0.6865799000686462	0.5655908713681083	0.8706942185058338	1.5139336463565567	0.2562984479418403	-1.3427304594230796	1.173024141623017	0.2021030643452015	0.7259009106848605	0.1076925733750907	0.8415906417745641	-0.4611233053924052
0.0386422844	-0.0619419725	0.0629956972	0.0294800469	0.0224755009	-0.0418491272	0.0448684131	-0.0474634117	-0.0914284817	-0.0422249655	0.0500071591	0.0	0.0666958974349825	-0.0417706451537895	0.1816403209403034	0.0033322087749713	-0.000185957750421	0.0021268183814121	0.1729048539901678	-0.3084059338096105	-0.5150288924033964	0.4154212072045683	-0.7054232779290005	-0.3788102978910527	-0.8568660263329566	-0.3791091656326013	0.0236007593754439	-0.6003452979394048	0.8797213824532734	-1.01868750222026	-0.1763037051567767	0.8089380878313758	-0.1657926605274617	0.1794544725274168	-0.302317304387915	0.169908109561628	1.3218509741418432	-0.7904941449937206	0.1482090411254336	0.2909523863419823	0.7279457631868411	-0.8578733743801639	0.7203339735022959	-1.3887472129608698	-1.0928182255331176	0.2919439546082606	0.7685903000641525	1.31982355905514	0.0326929421270972	0.1052223543144381	-0.5929050535660457	-0.6401715741321826	-0.7351055113512309	0.8979250920697084	1.0951428983188003	-0.9365203819638988	-0.9675854000618856	-0.6319990562943494	0.055611637861622	-0.1316535921306788	-1.3394026067065696	-0.4572887735005295	-0.2633264564015887
0.0209583016	-0.0568675605	-0.0660028754	-0.038725477	-0.0625279242	-0.0610593847	0.0438166893	-0.0495026423	-0.0912389102	-0.0379018183	0.0549299716	0.0	0.074917899567211	-0.0743167475659731	0.105826230342032	0.0034599949876012	1.0844041567592557e-05	0.0022219855405377	0.1375699533298881	0.2234100241158322	0.6402170113188682	0.3732866856228135	-0.6754809031754582	0.2943255738774005	-0.1096707948544216	-0.0472995567954992	0.0242504815658314	-0.1715096668594566	0.6567655847269227	-1.264655018873422	0.5811357528096828	0.8568961504872532	0.3311786432685767	0.988738885588666	1.0277495351488035	-0.5764164507166184	1.1162528399169571	0.674085181027986	-0.1430854141810765	0.868728561202755	-0.4320675898898224	-0.5445930194053896	0.0980477175337682	-1.7129830085647475	-0.4073499543343236	0.537192096186238	0.4512111633132759	0.944962668341076	0.0549142327771108	-0.1909705679760221	2.05300613401249	-0.0774412066390555	1.5009049142483362	0.641594341795158	1.9879204002865265	-0.2043055397518048	0.7035731741179794	1.474973914474143	1.3788953680586076	1.0960243198943111	1.878596973225696	0.0512317961444363	0.3248443591102437
-0.0791632647	-0.0306528088	0.0271009231	-0.0167253406	0.0212082377	-0.0301126094	0.0427573947	-0.0515076619	-0.0909074754	-0.033473914	0.0596155937	0.0	0.0712479263172412	-0.0734795458301817	0.1411476480443525	0.0041706973502788	-0.0001607891531261	0.0022593467048051	0.0858134287700163	-0.0959327820149289	-0.1572030804979805	-0.1289538293651116	-0.2359688775906156	1.4501612652942206	0.8003951492996857	-0.1429624967229757	0.3953722834581528	-0.5616091706763889	-0.5035949746044275	-1.966813058852062	2.511033625959711	0.5202417969727509	0.787567732790202	4.248309902081113	1.0106118169551424	-1.2534230731842937	0.969057364382224	0.1605156932582117	-0.4989253731314368	-1.4199276288896097	-1.233127936900786	0.6567560625854563	-0.5214856484295947	-1.5079204491858167	1.9908935947720203	0.3270841258714434	-0.9848221030957652	0.4883470218410895	0.7302007673616119	0.5778448430040206	-0.6363410624755317	-0.1949075264220925	0.5727591658733912	0.6835606084734147	1.3145485359460722	1.903840775712769	0.7407451449997438	0.1626799080374504	-0.1815763409422243	-0.8319263318666777	1.8014010055936842	-0.8791635836319109	-0.1138752853520556
0.0660225763	-0.0503369661	-0.0560532861	0.0534275182	-0.0086617076	-0.0685932421	0.0416907124	-0.0534770846	-0.0904346925	-0.0289534907	0.0640437928	0.0	0.0556305115710671	-0.0829396033188771	0.1143621883909844	0.0043557478715492	-0.0002509789848497	0.0018470556053766	0.0862395045093626	-0.079591171811281	0.4191160491255463	-0.9827369724824532	-0.1577839745576581	1.1459273489734498	-0.8601491818206418	-0.0128601304005071	0.8378178968296969	-0.5719699305836039	0.548908434425665	-1.4295687668591666	0.3202475744760667	0.355052913417582	0.4998189750001419	1.145737560384142	0.6175145607091339	-1.0609960803609515	0.7389901061091495	0.4096105770923852	0.5914588310754426	-1.084458212333549	-0.2608757557161695	0.6466134571860251	-1.0043812181390213	-1.7147597017268938	0.9989344612488128	0.1737346389100229	0.1625003184505559	1.1169924667856934	0.3407097249249949	1.0714606352021356	-1.7159457096522	-0.2949205910527422	-0.9008553423988528	0.6570585536498199	0.7795978164412382	-0.699159543024297	0.6522126452069772	1.3469254955392982	0.4058816526667601	1.7178773092066488	1.0972467320470762	-1.699328951632296	-1.3198688722865068
-0.1030393596	-0.0287518725	-0.0683081554	0.0001849669	0.0130897096	-0.0319130406	0.0406168267	-0.0554095495	-0.0898212967	-0.0243530426	0.0681954477	0.0	0.0622295787360229	-0.1191506443334589	0.1013689798819683	0.0047590216025978	3.8015931891344223e-06	0.0022280096311429	0.1077537334312404	0.0433305079717947	-0.210871698308322	0.1024054514735115	0.1632910915187182	-0.3525789690343017	1.6443734483152253	-0.1584685072254544	0.3726628361244393	0.906868897563845	-1.6521664081886198	-1.0154235015910436	-0.1090568538710531	0.2287845845658705	0.088359721285662	0.3427599690834208	0.2141692259482473	0.4792942975887981	0.6152009317630557	-0.3148735908066236	-0.7217491350303447	-1.0049864674715063	-0.6774842707875204	1.0624699485162905	-1.279132193456813	-1.3585778082459607	-0.0727468713854914	0.3322434750669037	-0.3823964646104493	-0.8988668209977968	-0.4011351122439969	0.5622199682511855	-0.380724793036112	-1.4195259271949596	0.0753137221846809	0.8603755779241271	1.247571104856544	-0.4892852757253427	0.2326574062716904	0.9241151884637422	-0.0958212860131463	0.7996967863661326	0.5784245788856989	0.0624994027737702	-0.6949788593677931
0.0374381372	-0.0534172481	0.0221271821	0.09612942	0.0918249872	-0.0225827179	0.0395359232	-0.057303721	-0.0890682417	-0.0196852849	0.0720526312	0.0	0.0649309965770612	-0.0500278299059004	0.1709819399320622	0.0038038223897442	-0.000277780987667	0.0022190383683421	0.2037248451442174	-0.1797490412486297	0.0714252817585194	-0.325575056958552	-0.3139406220029683	-0.6346730794288445	-0.7171501519716997	-0.1993710642024662	0.8849912748036474	-0.044648088839897	-0.3691362335988793	-1.4835615297179756	-1.6268692959513624	0.3325811421308184	0.4925383540896909	-1.4056296947147746	-1.3869564726075765	0.5376479938976367	0.58983725697009	-1.1368863057026437	0.9472348687201836	-0.3586349120691545	-0.8584101983523407	1.0880672004977114	-1.3390230621964818	-1.1225815097802192	-0.3010417848282958	0.3906147959666686	0.656511558579797	-0.3368274343292053	1.0685609393063038	-0.2158201186092544	-1.0224985547651837	-1.5406144946524536	-0.8710032692182988	0.5596642737059735	0.8560348456536255	-1.075011583780853	-0.1139947252022567	-0.7266209097099162	-0.0039064593560201	-1.6208001346150598	-1.215891525058964	0.0398030683965292	0.629326885783819
0.0133545299	-0.0523508921	-0.064466842	0.0400861756	0.0117615061	0.0136546011	0.0384481886	-0.0591582902	-0.0881766985	-0.0149631188	0.0755986879	0.0	0.0676974315895506	-0.1013728932258004	0.1319699388277371	0.0040090609787595	0.000371914045806	0.0024507664873091	0.1474565865094795	0.0351132768909829	-0.0424879815910878	-0.1346047105827359	-0.079573693625719	-1.4212891789272806	-0.4536515655552412	-0.1859154250697534	-0.8684603507450223	1.2153551944034913	-0.1402152645429369	-1.1088171217927776	-0.2242965165222301	0.5761907018271283	-0.5649241680010334	-0.7231938356973834	-0.9187662844158186	-0.3215420407352433	0.5276868801251524	0.1241682990905808	-0.1205230870824076	-0.193826753542405	-0.1263620153498664	1.1695740899610092	-1.482130192773762	-1.00408667934258	-0.9543522509778636	0.2694325592724921	0.6958708636629303	-0.2898447411250504	-0.5632876085443723	0.8813437905515734	-0.4147479398160309	-0.1712947049922311	-0.0598740963633137	0.3847672125280013	1.9267063858533968	-0.7624172557149801	0.0859542197539911	-0.5566753324129532	0.2914389910053128	-0.6592456691778209	-0.8132010536849442	0.5162216986653414	0.8173553350340742
-0.0496056784	-0.0567637801	-0.0376631785	0.0667003554	0.0922608826	0.0541563497	0.0373538109	-0.0609719752	-0.0871480531	-0.010199596	0.0788183057	0.0	0.0626056984874026	-0.0857802040921456	0.1447348934012637	0.0036691146519454	0.0003408399526334	0.0023643891241193	0.0563192659681543	-0.2011086385786793	-0.3674245143516833	0.3509260105036647	0.4502718174515762	-1.47715908715834	0.2841128701158122	-0.0360787537633571	0.3279239036468085	0.7418084310921839	-1.6192831943597528	-1.0103862600360682	-1.167592259523659	0.4314624489254018	0.2071595354756104	-0.9708505955334044	-1.835979214148612	-0.0149606288390889	0.6072657576345749	0.9194397013250608	-0.5480024270814147	-0.0951884444809006	0.3195758373753412	0.5893666822584835	-1.3663244350398347	-1.0913718203667218	-0.2788711636532553	-0.0265535184765677	-0.4090773947939881	-0.499837195362027	-0.7560594863425985	0.1274838040433657	0.2852278138168983	-0.7463364658618017	-0.6073889871777074	0.4146291991553007	1.5190370380241942	-0.2067188190350132	-0.9636253648455906	-1.141286643284129	-0.9167081722845856	-0.8270876380016902	-1.0140097091668965	0.9669818563112278	0.6630156016804691
0.138200947	-0.0522677784	-0.0934115459	0.0099325269	0.0713707712	-0.0096597313	0.0362529791	-0.0627435226	-0.0859839051	-0.0054078825	0.0816975821	0.0	0.0554242296840783	-0.0295195383740178	0.1320283914202207	0.0037657457754919	0.0002269539261869	0.0023650835416628	0.0867092148793201	0.0088948655456519	0.5688125320255503	-0.8501350268625373	-0.4482803754278298	0.2734142788006073	-1.975134038208982	-0.0182042696482232	-0.7607534798800392	-0.9645145320906224	0.9843541110590436	-1.4130658914451224	0.0786451584432727	0.319079814338726	-0.5662916622288666	0.3578598452734535	-0.0899202810813517	-1.0215931762713162	0.5611969658427693	1.2715091944910928	1.1994538175469942	0.8122058639219254	-0.3745707804657408	0.317062583439207	-1.4024954461988473	-1.0733614200900312	0.9205538081751848	0.4635375209779713	0.2865351587804026	0.5966252453288857	-0.2395876508339322	0.5242382537749828	-0.8360292687418417	-0.2484765552649964	-0.1380140115366468	0.2647658852518609	1.458866800309864	0.3046501803409311	-1.1642267531789128	0.8420572720961218	0.60590044974009	0.2364773762798934	0.8460668557837612	-0.5237021453369225	-0.3827034807058054
-0.0634791608	-0.0421227757	-0.1333060812	-0.0188638046	0.0194927501	0.0665638313	0.0351458834	-0.0644717082	-0.0846860645	-0.000601222	0.0842240844	0.0	0.0735687847917461	-0.0960666115633159	0.1014178444230395	0.0045528188423808	0.000565688627945	0.0024972289432166	0.178199833804187	-0.0522544350897182	0.0929322832182994	0.2187672871156613	0.1829966463050412	0.7067538794066128	1.5422080810340373	-0.1002215989930867	-0.7495890520732142	0.4108622056521032	-0.0502300539390708	-1.38101704024742	1.0398363312930234	0.4341546809792298	0.3338696720149066	0.6566772014290373	0.8333890595463567	0.006311791645764	0.5070513861095735	-0.8661048717069302	-0.0417857858347319	0.7503179866312365	-0.0242674068479612	0.3934255880631699	-1.3319242337795485	-1.0286278590272595	0.9833485752251578	0.2645039189420274	0.2748251972157277	-1.0894430867482403	-0.2263165079764853	0.3978098498039716	0.9718071105690924	0.2793544663168564	0.8342524977471756	0.614336145657475	1.7401597744041564	-0.5461548634083094	-0.249061852667062	1.2449161602932983	0.9235768792357664	1.1292586404761713	0.660981451836398	-0.3260947185792328	-0.6623491805988249
-0.0177717232	-0.0644434566	-0.028713691	0.0647294802	0.057043088	0.0072516426	0.0340327152	-0.0661553376	-0.0832565493	0.0042071001	0.0863869029	0.0	0.0618888030705306	-0.0752340214671676	0.1586552112724746	0.0041133620786765	0.0008888626891998	0.0026041914221747	0.1332296038626589	-0.2269886170848054	-0.5410238249653554	-0.140026581821193	0.0916335385099317	-0.5068297127902147	-0.0499245146513237	-0.2292828308128901	-0.6604629588635088	-0.1531829267736549	-0.4475070880170917	-0.9745109542019766	-0.7811328560333233	0.4284627862932763	-0.0618440477419894	-0.6051898452400197	-2.2829003620639923	-0.0782501501618011	0.580336908029312	0.8026052086819528	-0.6801825105196023	-0.4869068987404309	1.1694836124310892	0.5437020947564564	-1.389463485608597	-0.6563145063525543	-1.0245762864957992	0.5421347547794925	-0.3280588463957817	-0.5838961128265838	-0.168817394664247	-0.0706104588291008	-0.3431350651749612	0.8029905652598314	-0.2358389267415855	0.2211612539815301	2.10365243268469	-1.1847577270255871	-1.4183511145185654	-0.9061643343639848	0.0168705597310583	-0.2305452079167571	-1.6148524809670288	-0.634131528359044	-0.4100513938250495
0.0615645009	-0.008935526	-0.1466323119	-0.012968715	-0.007542928	-0.0016312823	0.0329136668	-0.0677932473	-0.0816975821	0.0090037942	0.0881766985	0.0	0.0538152620163998	-0.0424084573773768	0.1233198259256909	0.0042279956291312	0.0005361161608561	0.0019453771237203	0.1325442093533453	0.053750412477429	0.9221863724245242	-0.3755441065025794	-0.1497205723277906	1.0659888401310285	-0.4066907549138202	-0.0238329112393781	-0.3795299483986891	-0.7340078576373776	0.4814145422956994	-1.7766613219601182	0.2607396731538627	0.1218296162516913	0.3213188459895204	-0.3552511097184281	0.5910805710592717	-0.8518460759430034	0.5257422827107069	2.040500224664568	0.9724520538369096	-0.158627019899476	0.8248666549504433	-1.375437458645342	-1.4054614631141809	0.4098894918491262	0.2467710801528027	0.4070375464174972	0.2367768711832878	0.30694221258061	-0.4363158490720534	0.0972663812111226	-0.410199651417378	1.1831576176094032	-0.8376138633242378	0.3194681950725184	1.11997378901884	0.1720088498682551	-0.1284345699222647	1.3965887765650424	0.9843829686135012	0.5105342038136796	1.355899885312044	-0.5546263583069988	0.4715201390865072
-0.1075191327	0.040422537	-0.0603695884	0.0094378751	-0.0100497078	-0.0351190591	0.0317889315	-0.0693843053	-0.080011587	0.0137756027	0.0895857427	0.0	0.0704796754726828	-0.0966458754025296	0.1004506942508101	0.0050769780155897	0.0008910017242318	0.0023612550429296	0.1747582566084916	-0.1695234050222293	-0.125200028023499	0.5107191637002119	0.4353614107978004	0.8074831766295122	1.4799350404196483	0.1616793713116118	-0.7393432897000967	0.5295787426205266	-1.2294750927481932	-1.1893971610357843	0.8490000377766976	0.3271362087765309	0.7372661380067924	0.7944270902073984	0.542170358013272	-0.1072523974130604	0.3997132213503853	-0.5804566569980909	-0.4055207444723555	-1.1118933029217333	-0.6640268440873929	-1.6729394919632867	-1.2693850449831503	0.8510841903741777	0.5162992508762729	0.3145120462724893	-0.096155965334591	-0.8110128629151695	-0.3735054248022244	0.0949809606341672	0.3190765597931447	-0.9653802513613988	0.9022460548333958	0.5081582922083838	1.6913600714696575	-0.3227720809687117	-0.2449528984383081	0.6356479523876744	0.4080263185598529	0.7191856785822083	0.8327715167915184	0.5759411185237051	-0.8474316370790097
-0.0134634265	0.058045804	0.0268954185	0.1004776005	0.0533600347	-0.0899108446	0.0306587036	-0.070927412	-0.0782011853	0.0185093366	0.0906079513	0.0	0.0606166478767136	-0.0609071807830332	0.1443083462822016	0.0040531865473498	0.001128291418599	0.0023612223121182	0.1525150689177821	-0.2753694708036985	-0.0427260420453745	-0.1175380896919724	0.1157144516088718	-0.0554063445330857	-0.2072410532860494	0.3286753664861213	0.1222818779565933	0.039430697453799	0.0573238932124514	-1.2246044487439798	-1.3824255001274153	0.2511050310411889	0.6222815904681955	-0.8722422386064907	-0.1366665310845365	0.2344443747823484	0.3812131279413071	-0.2205803584876971	0.4539719771464942	-0.3911048860527198	1.7085590047411343	-0.7604988795852912	-1.0667175953369863	1.1685842319230488	-0.5250883490554078	0.5208305487692605	0.2549277376273441	-0.3191802661056268	0.429211201537365	0.9894053331787968	-0.5826225008836025	-1.330714893611593	-0.7535487346114128	0.3160773282032391	1.7589513771373475	-1.2923080321047642	-0.5397403204094496	-1.149495646844826	-0.2607274703742702	-0.7354213860599604	-1.267107459282815	0.0747873936396923	-0.0417110576885094
0.0807703908	0.0194237962	-0.0633259495	0.0076705794	-0.0395685148	-0.0375594385	0.0295231785	-0.072421501	-0.0762691921	0.0231919124	0.0912389102	0.0	0.0691506007670597	-0.0545650503280796	0.1244003092495518	0.0039290694139098	0.0015055955269445	0.0025890564023198	0.0712468869773045	0.2767415101677613	-0.0963455937596674	-0.4484368795763641	-0.2812268560494298	-0.4407736767926694	-0.9298472528041012	0.4209411216609804	-0.359538370226603	-1.1586155444688186	1.232211137475992	-0.7374016869860651	-0.9327126261605582	0.4414966703474265	-0.2311673736743896	0.2658946859771952	0.5730532114136474	-0.5499315203884122	0.3382754440263179	1.3460128182751827	0.5674042733712682	0.0054521946323868	-0.4629985026262554	-0.1684133306806874	-1.020216395439005	1.295202282116298	-1.2190478098576292	0.9902309529214098	0.6736851987226705	-0.390227804083946	-0.9782417449357866	0.7631146911921259	0.1607721469407025	-0.3156189019938338	1.7287993377950088	0.0001480627558907	2.5738651100110133	-0.2614760020322694	0.4882454279235231	0.0328956880482737	0.8793208821078112	0.349007058762174	-0.1880064362153122	0.1444506472496614	-0.0736320684712981
-0.1096980663	0.039373647	-0.0790385053	-0.0048988144	-0.0264738803	-0.0230424005	0.0283825523	-0.0738655397	-0.0742186113	0.0278103878	0.091475895	0.0	0.0587932439954954	-0.0995889280235502	0.0901113579120505	0.0036101081360192	0.0014253431685407	0.0026789401337803	0.1141250541922812	0.038936478752274	-0.2040602072432923	0.6352168633367672	0.7249152170223093	0.0358781649393555	1.6239248631418637	0.7694957724941338	0.8679425865559932	0.4060603164065876	-1.2753595400181892	-0.5817252208688835	-0.1907585460326364	0.3025069776569745	0.5139502352707992	0.4716849748591861	0.1789384237428647	-0.0102239302446967	0.3607176717299624	-0.8428433294846369	-0.073331194085454	-0.309383442295657	-0.7202889056762407	0.2250952904765249	-0.6330810326436705	1.4890728398700557	0.6525810617725616	0.0645241139456084	0.447233251477189	-1.2190625818896357	-0.4467176668610582	0.277047969170955	1.783470230350316	-0.2627502089283492	0.4434810983154441	-0.0817494648410954	2.5220579065986564	-0.8798043608713648	0.3211897846248044	-0.9949807161257704	0.0581378118002291	-0.8847707722246286	-1.1728926674591238	0.9425746367631131	-0.1910850833388415
-0.0328173748	0.0473628875	-0.0146965756	0.0907706127	0.0238911315	-0.0837785898	0.0272370221	-0.0752585301	-0.0720526312	0.0323519979	0.0913178824	0.0	0.0610172593874978	-0.0835814684601388	0.1099265183860325	0.0039283326095068	0.0017469254822737	0.0025030868951044	0.0788296367242207	-0.3715515233811367	-0.7687265860014516	0.4847481441226008	0.6969744240800226	-1.4640332605488704	-0.6737732051040045	1.2260501557284071	-0.520454063952257	0.4976663126201124	-0.6004737629898557	-0.8023429020431712	-0.6990227173120886	0.6869219855389191	0.06298646649842	0.0534785464603278	-1.430322039982789	-0.5852070160408039	0.1653798478097061	-0.021834618249901	-0.8619851084544008	-0.1129178886286098	1.3379216624267511	0.4492921126450074	-0.2564475962827784	1.2673921855351995	-1.415905139979438	0.1049614670181529	-1.2844742871999786	-0.2438473665538455	-0.3165071169975009	1.097119941709623	0.1455454104017019	-0.0644300250448284	-0.923428158456357	-0.0838148937612874	2.368947000980949	0.0669903799596133	-0.2592713320842127	-0.8742954262140922	-1.5210219130602831	0.0665996377041466	-0.419104804708663	1.2713545129205364	0.9361405601848832
0.0712588265	0.0925679396	-0.0696395388	0.0290535768	-0.0064844051	-0.0665568891	0.0260867859	-0.0765995097	-0.0697746196	0.0368041899	0.0907655546	0.0	0.053351895385802	-0.0115700068234332	0.1536339736210408	0.003487156581101	0.001575127775484	0.0023602646399641	0.1611740803901996	-0.0896471518974169	0.0754642577776882	0.2530959493358916	-0.1834399564814615	0.6398597483023596	-0.9922024942658568	1.260715146299666	-0.8038078790767532	-1.570513391747204	0.3530241115846623	-1.2334687399464717	1.6197421375941965	0.5041458086558095	-0.1444422228160698	-0.7791038155587292	0.6766426463607439	-0.0853133346570076	0.0511151661647234	0.2534586073394179	0.8670279756051251	0.9399789148053126	0.1324433044022682	0.9743243019315712	-0.2299800509826335	1.5669817164155695	-0.1510140181462121	0.5772388271107646	0.6324655188395187	0.9929272952811896	-0.0828412774322889	-0.0942155225174133	-0.4895834144973338	-0.6007173906205517	-0.7211463178454788	-0.0473181876666529	2.048819608494389	0.1087105298605784	0.0716150245533996	0.4400526162192705	0.5286143641051008	-0.3899128390869336	0.0454676916681618	0.1768371074020322	0.5537590642811027
-0.0807719994	0.0651223211	-0.0493696651	0.0114848736	-0.067657049	-0.0411334528	0.0249320423	-0.0778875515	-0.0673881186	0.0411546584	0.0898212967	0.0	0.0613912228656801	-0.0866604012888387	0.0960566672840883	0.0041951345428874	0.0016919332515261	0.0028234701564434	0.205106475997626	-0.1214506720063963	-0.0856792599590542	0.2920589426959484	0.4521514397188795	0.2063835037004206	0.621518936880961	1.0925646701833769	0.1504810751856181	-0.0797776537219997	0.2167033117518998	-0.5821347468569426	0.0374677321218423	0.5997778366932219	0.1438017129321014	1.473952172929181	0.3552385913603261	-0.3231780072283365	0.1212237143337164	-0.6697770763521728	0.302313620328054	0.2746145395888903	-0.8010253525250942	0.8033403298367292	-0.317159198861343	1.4725560586538142	0.1667317737457753	0.3094370517372313	0.3645063898077927	0.1589723712959012	-0.0873679961835809	0.1355596017453313	1.1392602993629857	-0.5685802428182073	1.1884354677349105	-0.0425757256338864	2.745338493827102	-0.4046660432305328	-0.1257173191441764	0.6877247152508281	0.2214085063898238	2.3285670038623336	0.7427820728283334	0.4189056008682371	-0.4737231690701565
-0.0207869723	0.0584440109	0.0498181367	0.0376815891	0.0749833578	0.0036245636	0.0237729909	-0.0791217655	-0.0648968387	0.0453913792	0.088489186	0.0	0.0619048886510569	-0.0679228828754219	0.1291649627781481	0.0044237666449997	0.00112842027486	0.0022210191593225	0.1220892834878184	-0.5836528814476705	-0.0273689805145414	0.3112443310661643	0.9195178041266586	1.591302162106746	-0.0858563078119887	1.0299629218697837	2.614201111059816	-0.643028408002613	0.591107062204865	-1.2463955672742115	1.118090151735092	0.2799353279868127	0.838449894213234	-0.7522087043367502	1.9248877001789144	-0.1475894269196151	0.0323705255738974	-1.4256784710464594	1.4892758841708986	1.025265036805366	0.9090918952444196	1.8471833099216808	-0.4961135559449812	1.4002942972930563	-0.7118258223035989	-0.1287415131983655	-0.2787943008313961	-0.1097072675871679	-0.8265855919431838	-1.4520074856962188	-0.6989111833622994	0.0332692497435505	-0.3235113281608135	0.542373880324949	1.8215850973607088	2.024386013565437	-0.0635736727318867	-0.326789948613202	0.2189358943017988	-0.308473944535727	0.2391567729831275	0.7756006592122329	-0.3132184884706722
0.0969240982	0.0503282891	-0.0719579524	-0.0226866641	-0.08564701	0.0298854185	0.0226098321	-0.0803012987	-0.0623046536	0.0495026423	0.0867749746	0.0	0.0520952008606343	-0.0840726440341228	0.1233830243692182	0.0044807981502967	0.001128366494715	0.0021689818716639	0.0371975160130833	-0.239632677242613	0.2407508735315316	-1.259693083208742	0.1064655050453534	0.6369144179918234	-1.035641072441049	1.3504852721715654	0.3666333155001576	0.5687540543316643	2.2845970081796705	-1.1253332974365369	1.1253719039436092	0.4382055789601337	-0.3372360591894092	1.1478075266409131	1.0103009452374063	-0.7296959630965936	0.0406457157942355	0.3056374402012048	0.4470119998074212	-1.228538897336383	-0.1328647557090961	1.4126027347899228	-0.2065201164095456	1.4392424694508374	-0.0419199746439688	0.3875609830215002	-0.2593842986737523	0.0978942998355335	0.5595974861197348	1.1149459320478772	-1.930608356869629	1.0411116311509374	-0.0702320268394604	0.1556997070223764	1.448029005928955	-0.397449239099741	0.0029505474467174	0.5705830826114544	-0.3660911977146399	0.3650892642592059	0.2063450715253451	-0.3820425882898032	-1.5393542331507546
-0.1113679409	0.025048126	-0.0669937002	0.0048858928	0.0028380608	0.0713344853	0.0214427666	-0.081425336	-0.0596155937	0.0534770846	0.0846860645	0.0	0.061109899581055	-0.115229888736863	0.1101922737139631	0.0050988416924661	0.0014760806434195	0.0029682640520128	0.1416146876395559	-0.2771608808371708	-0.4404216458693195	0.7067278158070347	0.7530514695514904	0.370604453435745	1.9026742100724772	1.1557833692136976	1.246930548775426	1.1723056577360436	-2.1395631870490948	-0.8320966804847137	0.4990253681424819	-0.1230381679776051	0.0858831443133196	-0.1027339938023254	-0.032162034165555	1.904062119394026	-0.072685398299395	-0.6179660562264773	-0.7332612441209215	-0.4729188680767357	-0.2530632205228302	0.9085894269565302	-0.1704096229787901	1.4195843583341423	-0.8207539245164142	0.441631820709419	0.2868991018211513	-1.0094958847214484	-0.4742345572386726	-0.5109320116819916	1.0146964871345423	-0.7233792110361558	0.2070778314848052	0.4397271127707864	1.7600131077593306	-0.3168155158973249	1.3855369245271925	0.2661186073937817	-0.6408135654391304	0.1459606527722732	-0.0891852055262055	0.4523781459570359	-0.67024668472486
0.0593676581	0.0654389652	0.0407360666	0.082644168	0.0745356648	-0.0096515682	0.0202719962	-0.0824931004	-0.0568338402	0.057303721	0.0822314759	0.0	0.0604432094908133	-0.0560297878677005	0.1840226334154096	0.0040828338417488	0.0013819982392329	0.0024436885316681	0.2154304394232807	-0.3054844340889678	-0.0830539844137139	-0.5560460368424227	0.0475045619340789	-1.0065635462119855	-1.4839331816813597	1.3795371591997692	-0.0854941569011064	0.0765270886734016	0.9549399446490684	-1.237968907316613	-1.488278033745725	0.5990480794047212	0.5859502718009404	-1.969829928679086	-1.3692145619647889	0.2207077065748667	-0.2403140753799535	-1.1687094092215289	0.7017183293043489	-1.139637170639753	0.1842134180361042	1.8785987097093984	0.0607434906971811	1.336850104890117	-0.8827087621438953	0.6329407447431392	-0.8373146495453141	-0.2393200331088073	2.028301442667093	-0.2731267233588624	-0.2193982501922176	-0.1416914541882961	-0.6576267016805075	-0.0608812192796118	1.527572903068715	-0.6713804526014784	-0.4584387004300871	-1.145330910238565	0.094589762307402	-1.253117624569712	-0.9528723816069812	0.3407572640459842	0.5849321008212268
0.0224245749	0.0235870774	-0.0245593496	0.0064460489	-0.026408032	0.1270665405	0.0190977232	-0.0835038541	-0.0539637182	0.0609719752	0.0794218076	0.0	0.0778525617306797	-0.0784200814080406	0.1864064983003004	0.0052403285636863	0.0011300955311825	0.00213205610106	0.1282350036948973	0.0166480444327801	-0.1213451630014581	0.3945107721495499	0.2421680013835437	1.0873334564864108	0.0869975563411002	1.5200265736323393	-0.7734053416692116	0.8972870750592072	-0.463782037396967	-1.1201822420525638	-0.0520593540664573	-0.4590402237772891	-0.4982859599783529	-1.632717584914855	0.4886243639357762	2.090736930959525	-0.8105881017289905	0.2580888945970685	-0.412376428200329	1.7143446592496103	-1.254222377829931	-0.1548707990816669	0.3845958243777674	0.8429821758544375	-0.598567874763375	0.434484109844459	4.180958843169908	-0.2073735402869982	-1.0080907034588609	-0.6129926760315842	-0.0409853093894587	0.4062493165611725	-0.985884537231258	0.2786015424913803	1.3434859397520194	-0.6489610681963823	1.1523352031946996	-1.1609902038576825	0.9892608557971556	0.2828595146644683	-1.3147026494325726	0.4669632533828342	0.8100558664825562
0.0189237423	0.0592264372	0.0243606898	0.0050528799	0.1402769965	0.2596918962	0.0179201505	-0.0844568986	-0.0510096905	0.0644717082	0.0762691921	0.0	0.0881718691828297	-0.0789692420793954	0.2384674446696095	0.0052118263807726	0.0011300627181978	0.0021325725104117	0.0643819847553188	0.0675753980009574	-0.7894555207716927	-2.446430533687138	-0.0527709636542639	1.214394256258748	0.7860982832974197	1.7740404425765055	0.195053813142333	1.4409231201924482	-0.8687911706601841	-0.3319644770643585	-0.9809713165814424	-2.0884790350571363	-0.464990968641107	-1.0180236581808615	0.2372452451329102	3.9438799186276383	-1.4811576036909622	1.9514314879156829	1.576928150267893	2.8964621958184367	-3.891435159252449	-0.1938883528442804	0.6580683066454327	0.447944639642205	0.0667968472388301	0.3343760269788948	3.2208078164112384	0.292838015138475	-0.157629988477631	1.3143932873626674	0.3360817297607248	0.3893694286066892	-1.357584316720858	0.1432691796761312	-1.6378919126065916	1.845606452662148	-0.9629979344797828	-0.3907663591895525	-0.505744856572994	-1.366024354407315	-2.4505532522018094	-2.3441714078362543	0.1270761058358789
0.0407507254	0.0866043106	0.0402780203	0.0415707332	-0.0455760168	0.0016258587	0.0167394815	-0.0853515751	-0.04797635	0.0677932473	0.0727872424	0.0	0.0774941693716613	-0.1253863968367454	0.192557011289125	0.0051881310331613	0.0024661943734569	0.0027641252991385	0.2025742775288629	-0.0294355608957769	0.042578364689807	-3.828997877304091	0.1261964652612402	-0.3298745219595147	-0.7552449731159635	1.4891143867850676	0.2294877309249984	0.9096069873025128	0.7136882461211921	-0.8360855479060278	-0.7036591686317695	-1.0410432840857506	-0.4597759462456279	0.5410516731020999	-0.5097771570406774	-1.3353249274634256	-1.6184951219608434	-1.5653298081381182	1.6831892168855718	1.6602249947574863	-2.2587840636726817	-0.873515760788445	0.6865628708851814	0.4441934976168405	-0.0168992810011505	0.7433043831016504	-1.195464569168992	0.9355648703975488	-1.5999003888823742	0.7917521643167313	-1.8579353271897667	1.4024343522596658	1.6948707977242992	0.5232828819388904	-0.7021173528398978	-1.0797806213432168	0.5389364609648243	1.127004967270339	0.1954870678005413	0.4190370442522256	0.0193355038208525	-1.0350816816721669	1.2401701614976426
0.0275489911	0.0663082563	0.0584618675	0.0201536247	-0.0216015981	0.0798048134	0.0155559202	-0.0861872655	-0.0448684131	0.070927412	0.0689909938	0.0	0.0784231096096874	-0.1120253608689694	0.1697254418034077	0.0040852594573174	0.0002398667412284	0.0021370203468709	0.2349367537085194	-0.1584450775412218	0.3359728268939562	-2.0181664224997955	0.5908511167979595	-0.0773735618202279	0.3586586053534195	1.0277386660446306	2.09081987551476	0.4651601223770928	0.2073199242066678	-1.4973593974277175	-1.443823051755576	-0.7900408146071222	0.5050084517277019	-1.0761147489549372	-0.9597953845141584	-1.3924351206728496	-1.9235401885542092	-0.0510231602249637	1.3880823817475174	4.498226776640668	-0.2693758738169429	-1.5906621680280808	0.9315884010276267	0.115857127471841	-0.506984307904269	-0.1578539795101001	0.1124986924572087	0.9527731614363968	-1.1870211863211315	-0.8447756602484096	-0.6210090593569348	-0.4686424649326532	1.4814719347842942	0.7312608040607875	-1.1456465545339427	-0.1871148691139587	1.1160738410634747	-1.5752361673799762	-1.1995627234813822	-1.416478618590735	-1.6335066175326352	-0.8913766497725721	1.1807488751876785
0.0835182352	0.0685680006	0.0416931125	-0.0369873842	-0.0555421728	-0.0421114171	0.0143696711	-0.0869633921	-0.0416907124	0.0738655397	0.0648968387	0.0	0.0549599939591303	-0.0230633712526326	0.1699905085548323	0.0042766480690467	0.0003465700363949	0.0021367707764226	0.1276072458855235	0.2797296897369757	1.370344630780281	-2.097722804878701	-0.2862479234625553	0.8730796089902869	-1.0766523100139866	0.8811212252616213	-0.5973015678203726	-0.4847343607114451	0.6391478176752825	-1.651500675178352	0.1585178618200464	-0.5730826634882377	-1.021035975183808	1.3596439854222044	-0.0200695739672509	-1.340784018361442	-1.998841886316218	1.6832145786794843	0.3572708032314318	1.007061778684631	-1.0960038889662416	-0.682766437314237	0.922995228018452	0.2118901176041076	1.4663077442551498	0.3554457524018538	-1.6108136952030674	1.4844766540550554	0.2260457877254353	0.5610199238589795	-0.7964236626409827	-1.9342215907545612	0.4223141121074979	0.4863352692893741	-0.9677667399005018	0.2860361845147499	-1.8401171596335124	1.2560113769350478	0.0415321239396674	0.4631799496136107	0.1045707048092364	-0.2753948991301853	0.0920722549204907
-0.0620154141	0.0916262685	0.0075748571	-0.0804045344	-0.0638699459	0.0407375598	0.0131809392	-0.0876794186	-0.0384481886	0.0765995097	0.0605224558	0.0	0.0828984588395087	-0.124714264975779	0.1345477500335334	0.0053018768825965	0.0008859246464676	0.0026091740877472	0.2668814538721787	-0.0085191800504364	0.7320987567651327	-0.5202608217688676	0.435478268113851	1.2387347051750126	1.2854193334376278	0.7020275620173956	0.4596902132154027	0.5395660142626394	0.2697541833475329	-1.4465926587454194	0.7441530310107553	-0.7015303291221675	-0.4029405661705964	1.5439830791891875	0.5122228134108459	0.2474143004785999	-1.9791445880641556	-0.9108810958872572	0.4827560984914186	1.2572190213494117	0.2780650560431622	-1.1894459156927202	0.969461319967626	0.2425612784031431	1.7762760481234976	0.4429835842834342	0.5715791221187329	0.2515252765660856	-0.0435441156145036	0.6315258290118028	1.6618699820905998	-0.0050365813158631	2.0365629054792485	0.8936395386596826	-0.1074961971066831	-0.5996710069883386	-0.5944076021560085	1.507403305834312	0.1600544908388556	1.7323889927456766	0.4815658635473773	-0.0882147348808128	-1.1250328303684265
-0.0090617874	0.0419266332	0.0490248544	-0.0082336897	-0.0549283103	-0.0069958879	0.0119899299	-0.0883348501	-0.0351458834	0.0791217655	0.055886734	0.0	0.0832821886769039	-0.115788173112648	0.1824291710064187	0.0052556722207084	0.0014263594896974	0.0026067706977104	0.0866433874311465	-0.0923545417171524	-0.53448872824771	-0.3073597749605676	0.1859554104128174	0.3305020999553107	-0.273900164918076	0.4657571515003717	1.0007234946485617	-0.2081979414850077	0.1249394712707273	-1.105104611490545	0.1760709770424557	-0.1283196504371891	-0.8499733129238218	1.4776950450894046	-0.9786710514177116	-0.1040356298821518	-1.8354086486040944	-0.7124160509203508	-1.6546453932470695	-0.0438982242521727	1.1567076150556403	-0.7298138130272818	0.9509819315294864	0.1461047312876847	-0.6917635755878552	0.988263561603077	-1.0535381637102643	0.5744005193134034	-0.4302487574453127	0.3425617337448537	0.4420727482766295	1.370120388082424	0.586722638411038	0.6581024574742986	0.7992506796131161	-0.3785474593122604	-0.8053751686565569	0.0972469256225037	0.0459487698158648	0.5706062813028369	-0.7140831724697303	0.2674704642555262	-0.314702316389719
0.0765423329	0.0211064309	-0.0079029169	-0.1205599754	-0.0463443458	0.0622351414	0.010796849	-0.0889292336	-0.0317889315	0.081425336	0.0510096905	0.0	0.0789220623513529	-0.0679283707837328	0.1918456240043013	0.0043846655651225	0.0014242277514684	0.0026078958908941	0.1053495610022787	0.3288081613722798	0.3598736915250041	0.3426832658178705	-0.3810620355786674	0.1999420934920712	-0.1392852025101065	0.1733349120737207	-0.166669966662153	-1.2426802825250751	1.1132990147553057	-1.8138840513002437	-1.892639006959424	-0.073384923281548	-1.059878780287655	0.5818945536323517	-0.1083282597480537	-0.154366305530457	-1.978220535668216	1.8307103406551544	-0.1457897608209531	-0.3149403533029032	-0.2856534673984237	0.4124424203657302	0.9060572709884628	0.0776106047405039	2.885988241012306	1.0452017546646162	2.600986329050884	0.5853403640748825	-0.9845933305317232	-0.0491130947086318	1.5730199305518269	0.9369960952237788	-0.39364216906968	0.3667959784828538	0.4943440452996173	1.16705407686105	0.2841512112747483	-0.3626861316370247	-1.5567948049338112	-0.5105456511570581	-0.7984176526541555	0.3786293613518232	0.5906595061202115
-0.1124751772	0.039289986	0.0426857103	-0.0724718722	-0.0241075123	-0.0118021936	0.0096019025	-0.0894621585	-0.0283825523	0.0835038541	0.0459123846	0.0	0.0768958936119332	-0.1142651271966741	0.1338703093327353	0.0047723644257354	0.0008530190025599	0.0027289835663028	0.160338004070432	0.0690924656893156	0.3216804854202664	0.6727842928707636	0.6976377784008697	-0.6241352341800895	1.6723317541181326	-0.4490940720227914	0.2479238934187727	0.0717444709508819	-0.0039696716151667	-1.6197756292546892	0.4082777069987374	-0.0837389899401662	0.1805786689567189	0.9357902060628832	0.5704358554313095	-0.356740728030031	-2.016296278705779	-1.8650318177072696	-0.3954404466848124	-1.3323121777174776	-0.4072675712365562	-0.5456682467193215	0.9492318146978812	-0.0436610342189756	1.6903348854836862	0.0987102525620808	1.3617290473394688	-0.2989831751225671	-0.1119279601087588	-0.0864237512992861	1.45378448390376	0.8148974888691536	0.2759381927801008	0.8386156337657261	0.0389789509510962	0.4500520919869498	0.0768891260140932	0.3128792238091544	0.0613410075597975	0.719429344977269	0.8333882818862148	0.7875632448645509	-0.2714488600197412
-0.0003313475	0.0117511389	0.135167705	-0.0143406845	0.0175241909	0.0447667098	0.008405297	-0.0899332563	-0.0249320423	0.0853515751	0.0406168267	0.0	0.0860129638768114	-0.0748100264258511	0.2147830665490886	0.0050983175898675	0.0012032824881498	0.0028509567633067	0.1693944205883494	-0.4011231158684659	-0.6274951133182421	-0.1107827844107177	0.4047448196961287	-0.9371689947362918	-0.2977027588330909	-0.7961173246876715	0.9999157051098156	-0.4046992058857631	0.1410491069495835	-1.1297031766971917	-0.4427544004362092	-0.0518474956688694	-0.0320011731672045	-1.3262419439047728	-0.2824152473088086	1.419255590031263	-1.9246991653773329	-0.066258365218914	0.0122643967870446	-0.2615106394715292	0.854257219531316	0.0494954170856705	1.0373169494526528	0.044260310071961	-1.4794970819566822	0.4116706701344689	-0.8955311844788653	0.8772104205812857	0.3842250511977937	-0.0501996385615675	0.1403918108164452	-0.3356119993647873	-1.1176635193053368	0.6647995507996207	0.3268630883556899	0.3509018857381692	0.5856206574674294	-1.1083725829764306	-0.3045556928044949	-0.5635810662947977	-0.451350182094956	-0.42840235770418	-0.5542721041466758
0.0814531492	-0.0046612091	0.0531075546	-0.0704000764	-0.0885844243	0.0048623533	0.0072072393	-0.0903422016	-0.0214427666	0.0869633921	0.0351458834	0.0	0.0828691785029462	-0.1093733843699737	0.1632328264222025	0.0047239518532885	0.0011803087002957	0.0026687319271241	0.1182356014756589	0.0943647319302947	0.2498378209919425	-0.8555132287801683	-0.046862493982162	0.0941866516382865	-0.9034113455581811	-1.247050793184306	-0.1622575725767622	0.0269624215815194	1.2588117059166288	-1.2503653555276368	0.1720266474276586	0.2164537580692657	-0.520364215186174	0.4892373937868492	0.4117187960109447	-0.5253611105867693	-1.824789394552658	0.8937653364818747	-0.0411022396883348	-1.2742871022863085	-0.8246390595371781	0.5753279641045085	1.0257796544271094	0.0645000064539406	0.8540859544549052	0.728100701615525	0.1561653669842156	0.5748456004951414	-0.1164800523851457	0.784924624959779	-0.1376123527024237	0.6021295142000721	0.6007789441409863	0.4194015612240293	0.5674141443992268	-0.178631364174218	1.115497156140332	-0.4698988476776358	0.2005605796847042	0.2331052600888487	0.1320872440046732	0.2323696073202143	-0.550274691433993
-0.1006448359	-0.0100026221	0.0712993539	-0.039706549	-0.0445457618	0.0304443162	0.0060079362	-0.0906887116	-0.0179201505	0.0883348501	0.0295231785	0.0	0.0831297303589764	-0.1229341944492148	0.1436396526770949	0.005005183493703	0.0020402518240334	0.0032884236815206	0.1214578616078139	-0.1017106650732346	-0.491825280101135	0.3661128408522002	0.7561856860759246	-0.6664202814097964	1.5362672361770984	-1.3801371104456497	0.6034873155954825	0.3712958961197894	-1.1863730757528042	-0.7865006481339691	0.1239311655562312	-0.0657963119170222	0.0629822051854668	-0.0902543075720126	-0.0339982884003829	1.6604805546403476	-1.5968583123369808	-0.4910321596283331	-0.3995651376270476	-0.7805146906594613	0.8570738742781331	-0.2030045266222817	0.98763738290083	0.0752875940451581	-0.8377521275124394	0.5084523057028196	-0.1802767185204226	-0.0759772022333285	-0.2805705619330019	-0.1782781161574148	0.698937369869641	-0.6953625448600882	0.059016446392816	0.5762458301160018	0.8365395837337056	-0.7301878328814253	0.6863808539126318	-0.6647656666342976	0.6989122159139827	0.4390508757196456	0.2588405597512468	-0.0469324650019085	-0.2760969074480767
0.0235948704	-0.0049769343	0.1747507957	-0.014239087	0.0912575427	-0.0204709933	0.0048075951	-0.090972547	-0.0143696711	0.0894621585	0.0237729909	0.0	0.0870139829856668	-0.0664626065795346	0.1894453229345032	0.0046131620564775	0.000661027276446	0.0026109915318316	0.2285954174788739	-0.045728553490049	0.126986268917334	-0.0537956194985277	0.6201127692477606	-0.3561355407025174	-0.998220946193212	-1.7784553086790422	0.2452848051719171	-0.5418936811340532	0.2958948949268358	-1.4240441460046387	-0.7870030128979707	-0.3485926041223217	0.8034632068427981	-2.0988747015019547	-0.4283845203248191	0.1556545722151966	-1.1151642526103371	-1.522879620250699	1.4081361286587906	1.0456012403689616	-0.6250956561654701	2.0842758855281383	1.0080276042084078	0.2205827757629114	-0.8193392435331771	0.1677512893158444	0.09807175892365	0.1053780703832651	-0.5702090337568256	-0.511294785874603	-0.7344598113147071	-0.8443702276759524	0.1621980545539782	0.8375556672469708	-1.0750655440162482	2.449341047654114	-0.2304694714980351	-0.8943392748961191	0.6679564142977321	-0.4153482470698091	0.2727877565937947	0.3144794877575857	0.6838516110542239
0.0813656458	-0.0528412891	0.086188546	-0.0356426759	-0.0731033688	0.0235304318	0.0036064234	-0.0911935115	-0.010796849	0.0903422016	0.0179201505	0.0	0.0794171690952083	-0.0998880323830349	0.1547754745369616	0.0052916066759439	0.0014819042469023	0.002606103295171	0.1509025794206653	-0.0721900605613825	0.1866418947836633	-1.6277023269994433	0.2506611484376429	0.6619164050751911	-0.6565116268640605	-1.8070204852401897	0.2579490743511693	0.9611950124805684	1.0356230214197362	-1.391544977149978	1.6644760290171756	-0.1648712815843026	-0.2250017250696085	0.8636720727051193	-0.1685550149950422	-0.6745712107378271	-0.8104677770469203	1.3295427217700957	0.5276616475198401	-0.0198775208770336	-1.0036464267384324	1.083350230825888	1.2628888438031265	-0.0297782525791034	0.5549759285862282	0.4361879783655593	-0.5828642046667178	0.8861677609781227	-0.0771654760953368	1.898198710696906	-1.533835178285454	0.6300827902469964	0.1118215221883284	0.6295590222601154	-0.5094641305363545	-0.9898273959800096	0.009912277506543	-0.0679912119412484	-0.643557702124174	0.3070723098985362	0.4330346524310774	-0.4767004878548482	-1.138522280832503
-0.0854757939	-0.0340625202	0.0582603581	-0.0660016919	-0.0491781379	0.0155236922	0.0024046285	-0.0913514525	-0.0072072393	0.090972547	0.0119899299	0.0	0.0828261976107711	-0.1351229846138721	0.1318971010496596	0.0062069059255297	0.0014681058215677	0.0029279799508382	0.124071070763082	0.0864282141135128	-0.2544744639068668	0.1395705522831299	0.8541805577827127	0.3221668604660871	1.2431077086197415	-1.7315053884967333	0.0479898207913555	1.0414037932254483	-0.869230122991644	-0.4070910334322798	0.6483753939999849	-0.2934813567342336	0.3865491593861532	0.6367419071798445	0.8229662216052258	0.7913073926671058	-0.7417300851683728	-1.089195361366131	-0.4390505052262148	-0.7535834687141149	0.1085951580319858	0.7430653068312842	1.1387065594786667	0.0608825459265089	0.6249878029958358	0.6320825677037232	-0.3384235534120067	-0.4505824673081256	0.0094723483465602	0.7133316414568809	0.8966013341701689	-0.6167156562890548	0.5636313226670038	0.7067054056299096	0.2105029747295728	0.3041314591000139	-0.9283717011988784	1.472473217790461	0.119833967279944	1.2739702779514972	1.169740558058028	0.0665176003375668	-0.7510342427822035
0.051075431	-0.049295133	0.1478131398	-0.0129195806	0.0367876006	0.0014945712	0.0012024181	-0.0914462607	-0.0036064234	0.0913514525	0.0060079362	0.0	0.0710023807000084	-0.0714186653429891	0.2028448949232739	0.0057829224623855	0.0020359157820681	0.0030766479377986	0.20349900058551	-0.1402328061666749	-0.3835971608166239	-0.3860740460610748	0.24442087975128	0.3595613241175866	-0.9593701652959784	-1.8264499765259743	0.1060595614443465	0.0924461498408907	0.5232589355562566	-0.1994316302261524	-0.4214465132089823	-0.1467373260553358	0.0180679667811702	-1.179539109253423	-0.8687027493383778	0.1233593982143032	-0.2937609272817456	-0.6518320293502913	0.213848994368601	1.0204780775131126	0.3405170821740025	2.094440075989698	1.311701771108036	0.1033768177705427	-0.9484718490469524	0.9401903366992904	-0.3837358111881919	0.553677472231039	0.2603852872157831	0.6662640165349464	-0.8106923056509573	0.2831204898186443	-1.3053032567956917	0.5986412218927929	0.090810599216042	-0.3872264017701868	-1.170968060909412	-0.4222772337576771	-1.50453338507165	-0.3103570087086802	-0.7080306809883855	-0.7235415865712841	-0.5399426775068185
0.0636885026	-0.0961133834	-0.0043058774	-0.1269401789	-0.0797662946	0.0317391974	0.0	-0.0914778707	-0.0	0.0914778707	0.0	0.0	0.0840021224100553	-0.0784483420864745	0.1591244670092635	0.0055000160738727	0.0019540368080581	0.0030966569182559	0.0829895635165476	0.44093106050337	0.2641031980054134	-0.01151134099522	0.1730120923696489	-0.0741682547739144	-0.2795021132716043	-1.623038569976447	0.1305361729286235	-0.2771399783689553	1.0187572971655274	-0.807166825094621	-0.513075361725489	-0.0964599839525514	0.2755341633013554	1.1828789558476562	0.0216310189921742	-0.6710365550399726	0.2130464051310214	1.8893529498110704	-0.050353159839564	0.1669579282718869	-1.1802762916429503	0.6202938092634229	1.3140941976477007	-0.1000641109741523	0.1243615187569787	1.2509526743894044	0.7742335177419247	0.3168894802124994	-0.1165780035084207	0.0658996042450117	1.3275957120455637	0.984901093859708	1.1076596315107583	0.3391193182619744	0.3046086293555565	1.2223669866866698	-0.6946692921588493	1.5640940143241069	1.2604154579696645	0.5522847621570443	0.5195573570081489	-0.772324844247316	-0.162529432506601
-0.078293964	-0.0776248101	0.0553260207	-0.0480495149	-0.0078006181	0.1133347656	-0.0012024181	-0.0914462607	0.0036064234	0.0913514525	-0.0060079362	0.0	0.0778709181496708	-0.0824624588757245	0.1702828922640833	0.0054043538994897	0.0009110243154468	0.0025960608844005	0.1032672813469392	-0.1672177509405009	0.3979785473129504	-0.3931409553880344	1.077777841854766	0.226679240134815	1.4576372375816862	-1.252301101864677	1.379194996182182	-0.0119833074405553	-0.3952418301124056	-0.9302551064191352	-0.2584889217260961	-0.1853007873261626	0.8890608992277317	-0.7637851522979902	0.2562260524977319	-1.373377307499073	0.8890932711551575	-1.341152279546214	0.1039331890716896	0.0010099997441893	-1.838709346955549	-0.4977701414110745	1.355567797613744	-0.6443618049233987	-0.9414538511045664	-0.220123878801179	-0.6401212810179705	-0.017874056364484	0.2424503926261655	-0.6029876201021894	-0.5912318054835385	1.7861337727705338	1.46432529450245	0.9943625777511876	-0.3271252374814722	0.3193478428355182	-1.6771677158791083	-2.8077051215504896	0.0729646252184839	-1.166110948915373	0.0249721749789861	-0.2165693551059871	-1.0442315916329896
0.0606797454	-0.1065602055	0.0358712758	-0.0300715981	-0.0646200062	-0.0453722273	-0.0024046285	-0.0913514525	0.0072072393	0.090972547	-0.0119899299	0.0	0.0712884369683166	-0.0592715708823874	0.1717193277905124	0.0054060122602447	0.0004680550491786	0.0022382524778587	0.0713316063793703	-0.2747376571546633	1.2292318226192465	-1.3015835503041449	0.2879742242063345	1.3538826545289702	-0.7470194526103852	-0.7968285227102869	0.9991755421694526	0.63809327936669	0.5277631658305911	-1.173881951069876	0.1672374868673202	-0.3375022053390725	-0.8302465064478416	1.1269557592214654	0.8764111246620359	-0.9256856658197902	1.1930477274452072	0.8135485765299599	0.5231746062608198	-0.3255028257475867	-0.389374091126517	-0.930002678597816	1.268656527159414	-1.143496468165083	0.8087395707684311	0.2156179907551432	-0.1749974946130682	0.5615909604933316	0.3126351101669732	1.4710767797587696	-1.796448810868575	0.9972212323838502	-0.1700582264458189	0.7269912791808109	-1.0257268888800943	0.0071530179228924	-1.6639584284746332	-1.3414373670786266	-0.0557695964174041	1.0260343201159714	1.4769638901059738	-1.2386193320635024	0.3679681766284324
-0.086078661	-0.1059456096	-0.0010198561	-0.0239336544	-0.0775987264	-0.0186718625	-0.0036064234	-0.0911935115	0.010796849	0.0903422016	-0.0179201505	0.0	0.0774592457105143	-0.1238412453133577	0.1514726381402908	0.0062249110829542	0.0013742411013046	0.0031242567828492	0.2215416318146896	0.0264766623237417	-0.2011924711029219	-0.4705454760696917	0.4599601814997169	0.3720851937662299	1.4636560222517323	-0.5549440993182371	0.2936857217876504	0.9849461446099304	-0.1708875022855887	0.0092392455466193	0.1838100862621445	-0.3588024227740923	-0.1965069431176362	1.3244874296800273	2.327857103394181	0.5808177312957306	1.2712062000737767	-0.0697906470913018	-0.034001859154274	-0.4290700134952748	0.5012745800128605	-1.006984485142372	0.9529571108042134	-1.2549305983662686	-0.1273616541640078	0.9074924641848304	-0.7422037188013527	-0.3046564439126057	0.4134701189749016	1.4536994330737758	0.5779159806477617	-1.0909945742378322	0.6358217940248976	0.8079810805510559	0.1017916001758452	-0.2602187285159902	-0.6490923378118948	1.7452481353595668	-0.5841686934698552	1.0546761252816343	0.5184032489892626	-0.3521863131499814	-1.4884219300299804
0.0630269868	-0.106192859	0.0373320568	0.0124562915	-0.0033906611	-0.0228048737	-0.0048075951	-0.090972547	0.0143696711	0.0894621585	-0.0237729909	0.0	0.0774895255869836	-0.0582895617351795	0.2163724873137766	0.0049910342687161	0.0020722432760789	0.0028948543682489	0.2385458828087682	0.1463154470933415	-0.3138578527858011	-0.0302835313485289	-0.1212595451933863	-0.1726402943344863	-0.7035918262204138	-0.3701801214249449	0.6064253199313415	-0.8520467755638486	0.8792545234053093	-1.2775960751181945	-0.9547568809294732	-0.1336658447336449	-0.4829437330112562	-0.0388562504546732	-0.5606786137118587	0.4391984414697508	1.384762799599838	-0.6921123250784905	0.1487853909884667	-1.595698569524163	-0.230313046617893	-0.4759609472812748	0.8499903934212022	-1.449324416261888	-0.0823477487478634	1.0654217051260293	1.6877160955680346	0.0639861059315228	0.0833185007458036	0.6755705170317213	-0.3513108303003618	-0.7806754027377206	0.6412403528526631	0.404132132932818	-0.6999564415358029	-0.8945962699914608	-1.100416275478146	-0.7313746799185563	-1.2202777631135049	-1.1848718513565164	-1.2765939601260006	-0.5710806437566714	-0.1478640276705434
-0.0678081974	-0.0794794542	0.007919764	-5.97296e-05	-0.0010240573	-0.0618881245	-0.0060079362	-0.0906887116	0.0179201505	0.0883348501	-0.0295231785	0.0	0.0732125490565067	-0.1159378687276841	0.1625258963743903	0.0063609871749447	0.0011020650152682	0.0028460287194869	0.2352197152524328	0.0558476939298366	-0.0234374820854849	0.4297061713714346	1.0309701159980122	0.1955746950610371	0.5517633257946197	-0.1269646357381403	0.946904266685491	0.316763734651699	0.1500082870435339	-1.239409020053093	0.1347430798955621	-0.3456903033227655	0.4944325158365663	0.6893593840267015	0.3771523378138879	0.3036472710244698	1.2575866719505724	-0.7264413531354967	-0.2919037903956011	-1.5531791127997518	0.8594235587328845	-1.1188859120110346	0.4071103325750534	-1.7804845470408492	-0.7701481746341274	0.1331256044220898	1.3929783556902915	-0.1380248472331393	-0.5289246471296732	0.9474143371659464	-0.1225444029123345	0.5297785748563092	-1.1236658380240705	0.6436215824125593	-0.8635539617036785	0.7319528817899125	-0.6837410165179552	0.5074331421648326	0.449944366311534	0.708345024719907	1.2026669334346995	-0.7243857561191014	-0.8134362378817512
0.0025535123	-0.1119254442	0.0546664349	0.0485553641	0.0681303719	-0.0366060446	-0.0072072393	-0.0903422016	0.0214427666	0.0869633921	-0.0351458834	0.0	0.0688346879403667	-0.044311496453659	0.2005474026655633	0.0054078266074379	0.0015408036384862	0.0028818615187381	0.1854123391801381	-0.2341598647495669	-0.1080087285515357	-0.5920956972397993	0.0992467766570807	0.9240240960290002	-0.1631589934890877	-0.2478356216786744	1.3453971454536966	-0.7002421219190682	-0.9448133346475602	-0.7377157044479715	0.2149788481356559	-0.3264093680783158	-0.317111314067025	-0.8662964362744898	-0.2010449098328322	0.881691328612827	1.176207222346496	-0.2582937977544874	0.4098355978656808	-0.4064944663717025	0.6992231206826776	-0.0510011114910251	0.2606581846407744	-1.8027526285955373	-0.8033780787637921	0.944193583944397	-0.5091916687964066	0.6717219379337113	0.2308977625882714	1.0677621599223963	-0.6319147643801384	-1.1789076168531931	-0.9889535644631354	0.1800474016453577	-0.4921421667717885	-1.0659794139948824	0.9123959857212368	-0.7733159198388574	-0.5174559292548928	-0.9340126428520862	-0.1644750993077093	-0.0807926481491797	0.3817096084494841
0.0272379308	-0.1333337166	-0.0214592333	-0.0009477945	-0.0334880728	-0.0360348039	-0.008405297	-0.0899332563	0.0249320423	0.0853515751	-0.0406168267	0.0	0.0775337372115956	-0.1035497612227231	0.1683643177390905	0.0056591406252041	0.0016572237715886	0.0029018409100883	0.1195060760777058	-0.1509704803447796	0.0966540694775454	-0.5225075336742527	0.3896257671413599	0.0283739322519674	-0.6189790148284969	-0.1034014745574516	-0.3202901631451391	0.1451515376768671	1.0974910287165678	-0.54501608434907	0.1212167795327659	-0.1938901500402979	0.2301869439643952	0.3701578003244957	0.4071475275771294	-0.3149638956533284	0.986586728847434	0.4523280034798511	0.6644339920795205	-0.8658612591910363	0.5395492536286054	-0.0431987622874603	-0.209926648803828	-1.8734588337217049	-0.1763970871666782	0.9775014739844684	1.3151094631830478	0.087971215976235	-0.1660030479175402	1.4260891081675215	-0.1009371690745028	0.4517189621557428	0.2257495853334594	0.4551672128214026	-0.2003145559432096	-1.1436285199997287	-0.2560843017228352	-0.0023689707243722	1.1247666907890193	1.0767767603616796	0.3805180773420167	-1.2404979220360632	-1.6207727791258424
-0.0637456168	-0.1150489603	-0.0441784998	0.0240823898	0.0142538504	0.0491936826	-0.0096019025	-0.0894621585	0.0283825523	0.0835038541	-0.0459123846	0.0	0.0770876626811656	-0.1017216605042818	0.1409773797648768	0.0064811861688994	0.0018580874232079	0.0031040184977669	0.090915452372745	-0.0435254952401471	-0.5045473338975105	0.1792859564622027	0.5997217370667023	-0.1914094664205594	1.1287901415865047	-0.0907532649090671	0.1054626081429929	0.2817117077202676	-2.3866996096942503	-0.0042434865434221	-0.0352725524434878	-0.3149199895132847	0.2320464529250871	0.0946191977838139	0.7059702881564665	0.5538994834333072	0.7398735640565023	-0.2332603543715589	-0.4114874210906092	-0.5429246361020347	0.6652269144640063	0.9467272618656004	-0.6927287574161228	-1.751575941606481	-0.9061750491959948	1.043055188545926	-1.3639655711489698	-0.5004725104884965	-0.6063029942939295	1.116110590618394	-0.4179121669618401	0.0029103565944406	0.0886693786303226	0.2007702855976788	0.3312684443802603	-0.3221016480808023	0.5810975004031136	0.8600397136677864	-1.1700391645633752	0.4348366644534417	0.7858207318129277	0.6446735720296705	0.4021635778914976
0.0488470748	-0.0851233991	-0.0438114956	0.0536855738	-0.001193709	-0.0278162516	-0.010796849	-0.0889292336	0.0317889315	0.081425336	-0.0510096905	0.0	0.0676116823373149	-0.0699481189350308	0.1859314329680188	0.0050240439551616	0.0019850893343522	0.0030140405506547	0.1699096787159587	-0.0256136111045933	-0.5702324280856912	-0.1489598654000358	0.1486444178065865	-0.8291331444560702	-0.7529337421643036	-0.1122373605196704	-0.0556833710763847	-0.9288117906171628	0.0231737807523944	-0.2747838362732498	-0.604896197638297	-0.3864894710682267	0.4863871668211362	-0.833859776464676	-0.6184585013932384	-0.0691683321047007	0.6355602569684912	0.3445601728120588	0.9012018854798504	0.0586885161105795	-0.009973630323353	0.9022272247125812	-1.0984047184915982	-1.2152896416214392	-0.2383330827263229	1.2850736046388378	0.9517451885563952	-0.230700061488297	0.4143282110406105	0.7684769801738823	-0.5012675621119042	0.8253409286567442	-0.8753656991777751	0.1400404272742814	0.2160610133625898	-0.3461212321804506	-0.8790922282978191	-0.4849369991607738	-0.0166568548064264	-0.9770161994582484	-0.3667181458913809	-0.1140458037932259	-0.4839843595415678
-0.0942295337	-0.0479146949	-0.0555676252	0.0371960041	0.0270397303	-0.0751851836	-0.0119899299	-0.0883348501	0.0351458834	0.0791217655	-0.055886734	0.0	0.0773274543374924	-0.0957323979526023	0.1460283548425138	0.0057878887672959	0.0017239469694438	0.0030850428386861	0.130202602396959	0.0372077458114957	0.0168866489017529	0.2896971541452095	1.0086768623047373	-0.1842243299742227	0.9521149155984548	-0.1270063460776294	-0.3715497914848685	0.949441642195878	-1.4082959158347237	-0.0403657253560392	0.1783552219000637	-0.4216820489032502	0.587837442479679	0.2768755128185475	-0.3859049555660816	-0.4423933232979061	0.4365296890847278	-0.0438285018558719	-0.4060950255275646	-0.6289540920148632	-0.0775613277535348	0.4803990201278433	-1.4058893875061624	-0.7369704817093127	0.2579321846770236	0.6958922688029652	0.0898863701322766	-0.7587537760838284	-0.2148285566018698	0.5128268258754927	0.2215708058568182	0.5189243804993361	-0.218773199724587	0.2093968622181885	0.4522432118590716	0.0278051121966334	-0.8133344248991403	0.011873960340771	-0.0057362143086765	0.1080443092101447	0.1984314399455256	0.835381404381972	0.4468890820656929
0.0196597831	-0.0363153712	-0.0029949594	0.0883907456	0.047534089	-0.0549563643	-0.0131809392	-0.0876794186	0.0384481886	0.0765995097	-0.0605224558	0.0	0.0654429294072969	-0.0770512395982621	0.1964181574755912	0.0051190495772965	0.0017308707305971	0.0028740946244325	0.125291044187928	-0.3753093768866011	-0.3574532705524362	-0.3813924815016526	0.5453355984952039	-0.528201883385198	-0.8513361475063695	-0.1110014930676072	0.8159368414667253	0.1599243375282904	0.2290264693456301	-0.3026589718364313	-0.5100238778348757	-0.3553720012716648	0.5315650736088797	-0.6805087238719497	-1.091688022474069	0.3526844440081539	0.4196686122251308	-0.0719009564040751	0.2139327104082055	0.5086082490646318	0.7604764328755642	0.2125881085189422	-1.4316619064354568	-0.4142013706574257	-0.1670258378592046	1.0798699168776722	0.3722656275837157	-0.1732045213240497	0.3431713467473501	-0.4643235929847475	-0.4096376000970779	-0.3525877693600093	-1.0849227907249144	0.142384682080592	0.5621440409846775	-0.5654750786956902	-1.6533478681639042	-0.1332240269308219	0.022701609187874	-0.888846029232319	-0.7581421269063404	-0.2726807761833282	-0.6504725288906407
0.0432554816	-0.0382370067	-0.0930856133	0.0091223127	-0.0267989986	-0.1157588885	-0.0143696711	-0.0869633921	0.0416907124	0.0738655397	-0.0648968387	0.0	0.0773534291859192	-0.0965002452847727	0.1553622972639488	0.0055866456553171	0.0020225384447849	0.0028718789446617	0.1104893392757353	0.001849306021973	0.7205072337034694	-0.5619347076360003	0.3444691455451852	0.9539328414208074	-0.9375858713702168	-0.0528268259382793	0.2033903597640357	0.4441688139428275	1.0474030200818845	-0.1903362528596751	0.3022802622824516	-0.054418217359631	0.2400558820018701	1.2777615001107698	0.3734431240603076	-0.7981934931959843	0.4411425609233669	0.968566027042386	-0.1937178570434549	-0.1762102593711457	-0.1756867635071032	0.562030531350699	-1.566774139385309	-0.3418578531488999	0.6784379210981285	1.2456463961887478	0.0838380212584378	-0.054030495293878	0.1399341822480732	-0.4371203308658344	-0.415392400183631	0.7765164985834853	1.285003190453461	0.0255586307334875	1.1408743964728294	-0.2144579784549908	-0.3972050329751762	1.2670220797198344	1.0176709713596792	0.8747824741393547	0.78531028438477	-0.3503027023559831	0.0695473111303475
-0.0915253841	-0.0532548463	-0.0560256709	5.89735e-05	0.0118110855	-0.0631031462	-0.0155559202	-0.0861872655	0.0448684131	0.070927412	-0.0689909938	0.0	0.0769178595182182	-0.0939557465718792	0.1472440836369344	0.0059692012233055	0.0022875970795404	0.0033732172722251	0.0685459085229739	-0.278454185042928	-0.1776918148079962	0.3110494583127415	0.9761452229595152	-0.0013000951281954	0.9998165114826938	-0.0459047706372297	0.0395012109606393	0.5856282920428846	-1.1177136033023969	-0.0444706637540906	0.0345512079965136	-0.4043948103601436	0.5296023547439714	0.7444153055308412	0.110982370970672	0.2003446341879647	0.4679360860736443	-0.618454777594519	-1.1005679820498129	-0.2731628024448033	-0.5334721678515896	-0.0834549363036594	-1.52817563819349	-0.3640781933007102	0.8987786214440314	0.9835125857037426	-0.2821508869085125	-0.7644431927489753	-0.1343037059672486	-1.0718787690080231	0.2788767279254016	-0.217073878689303	0.6226035961883597	0.3687316434019186	1.0233721034489516	-0.7617725627888261	-0.7851957847661177	1.0096505435495364	-1.1267023734713242	0.6746321436841817	0.2318204877860857	0.0879373820823293	-1.0389629932962847
0.0355319917	-0.0267656102	-0.002472011	0.0804567651	0.0758787404	-0.0054012156	-0.0167394815	-0.0853515751	0.04797635	0.0677932473	-0.0727872424	0.0	0.0687827344533928	-0.0304222326852823	0.2107026244793388	0.0051760865954562	0.0015589706384753	0.0024949862493009	0.2551257843857567	-0.1563460786773269	-0.1861901842085859	-0.5774589308182312	0.4616870393461512	-0.0860561848806991	-0.4731040620976168	-0.0551268032875054	0.0501899083977937	-0.6569347776845904	0.8491136469176336	-0.8716626038204167	-0.7313005077148353	-0.4873118852061015	0.7086150062761809	-1.0615230887590568	-1.318530946416921	-0.3961931060443327	0.5129769367844491	-1.1966723870653084	1.4397771725853168	0.1209660108240667	-0.3021428465312831	-0.3431421843553974	-1.58994829488526	-0.0771786707561089	0.4993672886388844	0.7356556573168136	0.0440212055910592	0.0595512399502905	0.2266115772513268	-0.3726104028014349	-2.241751621754565	-0.0543138210361467	-1.058600063573952	0.2971421710209476	-0.6566350197959799	0.6490486761972627	-0.7371500972294185	0.2599696311183083	-0.6498651488000993	-1.2026859317800098	-0.3352756163149769	-0.6385726355904052	0.5797824645382862
-0.0039448559	-0.0639705696	-0.0615485886	-0.0008380659	-0.0315168746	-0.0443148696	-0.0179201505	-0.0844568986	0.0510096905	0.0644717082	-0.0762691921	0.0	0.0711896203216611	-0.1042674257404172	0.1681757116194404	0.005626120303231	0.0017936231787123	0.0027029855700846	0.1634132702230766	-0.1260379539532074	0.5894555178918056	-1.0681154146967986	0.5873158384943864	0.2464478946147886	0.1218464071573642	-0.122152083797135	0.329235510647993	1.2411350493502455	1.3649698235694825	-0.4271209577831273	0.1239994156410652	-0.3896569544803655	0.0184815727437847	0.643883986042465	0.044052454947413	-0.737058735372458	0.4040882249254934	0.2721693520694658	1.133631306839792	-0.6107006519891851	-0.1512604106576809	0.867507187743024	-1.5841195363607583	-0.792792748421612	0.1172606776714564	0.8829883587647929	1.2650600426649024	-0.3062418080947363	-0.5324892864927451	0.5937230899203546	-1.4162987324332652	-0.2131287575059257	-0.0728570596760114	0.1110833463843835	0.2476377787802756	-0.6012774165463739	-0.8827499764214684	0.5674158921761823	1.4089744147406542	0.5288340776951536	-0.0035297239880446	-0.2073275523217182	-1.7498278252347803
-0.0669116222	-0.0705825777	-0.0366016461	0.0556000071	0.0581813473	-0.0126713067	-0.0190977232	-0.0835038541	0.0539637182	0.0609719752	-0.0794218076	0.0	0.0769232984658145	-0.1114211124435229	0.1695329806177312	0.0061752515332038	0.002391871190279	0.0031871543897479	0.0958220369056899	-0.0814347298739373	-0.2757068967667154	0.2847397239756983	0.8196284879237903	-0.3629988068914435	0.8614383572965932	-0.0313358653734957	0.7605161984002199	1.0929040136401162	-1.6795378430531565	0.3788138173537075	-0.4157753777997304	-0.3190706044260555	0.3630366300117	-0.0511596204278773	-0.3072423231636195	0.7961751770832944	0.4828313509134214	0.1923123591940434	-1.1203305380749942	-0.7584724361890569	-0.2390549254728111	0.8988715798355443	-1.4002501221328811	-0.9860576325602836	-0.1894307737357472	0.8220327515857094	-0.9750579233281872	-0.7215492993281594	-0.7005780067164439	0.1130259605789262	0.3030100171040099	-0.5702047927149291	0.1734396938116876	0.1703534081970462	0.7790903411144783	-0.223633030727955	0.4065689742065165	0.3417993771944804	-1.2556878831712657	-0.2509911311044056	-0.1576277851833119	1.0622684737668966	1.5934912077349055
0.0907144109	-0.0945477039	-0.0194149614	0.0793657295	0.0482475333	0.0146293463	-0.0202719962	-0.0824931004	0.0568338402	0.057303721	-0.0822314759	0.0	0.0723324191139767	-0.0471783231972011	0.2266249567117597	0.0050959529221028	0.0024818859326276	0.0028907041449692	0.199213824603603	-0.5636022622959524	-0.2899889164677706	-0.6655390981114687	0.401855860064055	-0.6312224744074415	-1.5744663764354787	-0.1170936498089635	0.602612623983676	-0.532589424011253	0.5328879713667044	-0.3609916444050206	-0.8917735617800349	-0.3893016167554021	0.4170164146990996	-1.5105580175473814	-0.8044616031002354	0.7309069915726647	0.5365366189854325	-0.7504529996869391	1.8890109794687728	0.8567824056692078	-0.0915974495379184	1.1682150251938617	-1.400288126025811	-1.1189055692151844	-1.0515409047663624	1.2572155089391883	1.954581180187485	0.1353075971439381	0.7928529129370703	-0.8039469322258256	-0.8783072059155039	0.2115093328324791	-1.5683083263353266	0.1423789515328498	0.2272631337777029	-0.7063949310297365	-0.9929624040039576	-0.439003374958097	-0.2020006695652104	-1.3464771729060958	-0.8914251079174927	-0.428980380853565	-1.6837438616652398
0.0407972979	-0.0434152251	-0.2198987735	-0.22960971	0.2599659279	0.0229581522	-0.0214427666	-0.081425336	0.0596155937	0.0534770846	-0.0846860645	0.0	0.1052447845632116	-0.1204226520752058	0.0349474335205428	0.0024588031877012	0.0004999642119647	0.002816893377976	0.5324783286213416	3.442311813767759	-0.5413690196406217	-1.7806473211611265	0.1205596676807666	0.3215123185745696	0.1279558883360104	-0.2850833672608318	1.3098420315785406	-1.1679083942406543	-0.1424401319530516	-0.190431281952275	1.449719013536139	-0.5141185728114945	0.5203188423604465	-3.872753050823644	0.2275003489566043	-0.6841232275039649	0.5948555522017718	0.1940549928814392	-3.0482026898547443	-1.0573883030590605	-1.7249285672968735	-1.0437123641157244	-1.5525540368668571	-0.7946812331272739	-0.94259826309112	0.1205797540457078	-0.196010005627963	-0.4695056961908732	5.061387248444171	0.6659016138989687	0.0868347073940497	1.306888563673686	3.412973999793236	-0.2546329261209105	-0.5532054599995003	9.042370403970132	-0.0302274691145502	-1.8620639907157048	-0.283611474391287	4.727483979846179	-3.988806641156044	0.827162465511548	4.198560511094807
0.0186970152	0.0043538299	-0.0255246011	0.0569768921	0.1994395318	0.1364589637	-0.0226098321	-0.0803012987	0.0623046536	0.0495026423	-0.0867749746	0.0	0.0790564093522334	-0.0031928388133337	0.1362775675145116	0.0018400579374689	0.0010671343111667	0.0017740217910201	0.3561876692863291	0.5498182266630732	-0.9505650973837584	0.2570991491018049	-0.0931254481696432	1.8549364735061171	0.6611221807674404	-0.0264734534510013	0.3178449233474104	-1.130984621312069	1.9221468281305367	-1.1652445861219138	2.1356219752821057	-0.5947367270274744	-2.1107408178413123	0.1422609720157915	-0.6637252910641468	-0.3134836824865806	0.6861385301669272	1.6435142513014016	3.473046677173572	0.8708003815972718	-2.678419525789067	0.1601965665509581	-1.3432608314787329	-0.4393911215910345	2.074264660815451	-0.922137511952546	-1.6123389009063187	-1.0757316042821692	4.613273703563862	0.5260088054124625	2.509764018258545	-0.240388448782164	-1.721041076714234	-0.3675549072738325	-2.66743497137496	-0.4012252938778407	-1.386021463221956	0.0790400390414509	1.17961498253145	-1.2800028657864897	-2.843846694730145	0.3766620455957515	5.09510072660988
0.0263277358	-0.011479859	-0.0667350188	0.0487737807	-0.0262807061	-0.1283506564	-0.0237729909	-0.0791217655	0.0648968387	0.0453913792	-0.088489186	0.0	0.0710985659930685	-0.1087908443232663	0.0952555441682534	0.0032568189356712	0.0015650331242929	0.0021664591858603	0.2699327325237907	-0.206154042343929	1.296334046438559	0.1283614148568689	0.3928467021142905	0.145346200417208	-1.3056798577968016	-0.0631785205887063	0.1861482629518285	1.7536868335351874	-0.115938308124554	-1.6095842046656643	1.4550315734579904	-0.4519749259592223	-4.953153762200194	1.1503772235974892	1.9225933314411467	-0.4616579866734966	0.3490477852425734	-0.3824065656927367	-0.4297005084247345	1.1471583555087734	1.2646042280932768	0.0694373965416262	-1.4630715294636685	-0.6908594723937462	-0.2999088605201865	-0.1180510070213155	-0.5437934680531534	-1.0731701141285268	1.8897666949294896	-1.0343931420768668	0.9560804243439484	0.1832625424869585	1.8348835339616243	-0.2743501734697	-1.2178514296834386	-0.8487253397861223	-2.495377910560076	2.101980657411279	0.7146524364031118	-0.5108140614102278	1.031847065741566	-0.8600166703051491	-1.7508433695820855
-0.019991688	0.0114696973	-0.0195764081	0.0297402862	0.0706075252	-0.0143786943	-0.0249320423	-0.0778875515	0.0673881186	0.0411546584	-0.0898212967	0.0	0.0583017597388391	-0.0560410388699352	0.1916988560994639	0.0032609322001897	0.001821234588734	0.0022850418275974	0.180934792173606	-0.0377608786702437	-0.2768314893999761	0.4477664129532213	-0.0146595300328656	0.2808859211528027	0.7491057322141865	-0.2479754399735708	-0.289977485463297	-0.5425483333405376	0.4989581581639805	-2.0735493763461395	0.2745015427949323	-0.383872820897967	-3.9114342848857766	-0.9056364294239811	-0.7856839709187071	0.6074077299355706	0.5789685061576911	0.6004271775466848	-0.6104592503861006	0.1732573485199436	-0.1327541655609015	-0.2538405067691088	-1.4963835464306183	-0.0387658219848264	-0.7874085498144545	0.1355560482746516	-0.3749083187587936	-0.2978563392314725	0.3519402696216479	-0.9938425844632324	-0.3417761485374525	-0.751466777786998	-0.2699298762836031	-0.3024275082702768	-1.6003057745300395	-1.3115596718270772	-1.7516695933825226	-0.1540629280162928	0.2628579669548933	-1.583430020284625	-0.516417842645728	-0.6853623697532225	-0.1899279832017468
0.0877603529	-0.0153533908	-0.094461712	-0.0187104137	-0.0415411458	-0.0737492256	-0.0260867859	-0.0765995097	0.0697746196	0.0368041899	-0.0907655546	0.0	0.0559935598744374	-0.0978623666429427	0.0848742787424043	0.0038622138075854	0.00183485956126	0.002510969756021	0.1929958304117338	0.2910806077715996	1.790738445409071	-0.1703002918750311	0.1098949505535242	0.6797729795542955	-1.2564118114331522	0.0345639795952989	0.9326335712753262	0.0597677789182187	1.8563867571928137	-1.9014961853787775	-0.7669261400563397	-0.4532355805177062	-2.258328968545149	1.453504116282211	1.61327153052285	-0.76974743236597	0.5076274880757025	3.5308090160879044	0.7892032170565046	1.0275186064347004	0.9626465749633508	-0.9903612233803398	-1.4714977228108113	0.4637598136175541	-0.6139188775990251	0.4897452747083962	0.2130428359505855	-0.1124252632639624	1.9099269426638787	-1.3436334562879482	1.9226696863300563	0.1465132824235282	1.7526573799448697	-0.2671257314857249	-0.8204589423911919	-0.3651475314605679	0.4804322754655552	2.490771334240581	1.1909439857300397	1.8929430159106129	1.4779761547946322	-1.4565866641221437	-1.521231251840532
-0.1329490702	0.0553971696	-0.0719014164	0.0026786407	0.0581319464	-0.0347586857	-0.0272370221	-0.0752585301	0.0720526312	0.0323519979	-0.0913178824	0.0	0.0555558838757122	-0.1286971354075632	0.1629704375333744	0.0049658596205492	0.0021478579948612	0.0029556957013826	0.2024371131506458	-0.1201114164284236	0.1818909283399341	1.0397433249678585	0.6399250389677115	0.9957383971217112	1.953063587636216	0.2137446886200368	-0.6269954421574991	-0.4462785308204519	-1.4692151049666056	-1.3870300375030278	0.3166904232700734	-0.2522730658476943	-2.57856925109124	0.1535072344491236	0.9102158614021608	0.2059863919485219	0.6010997996818883	-0.8834371398962716	-1.9392275993447223	-2.573320339166264	-0.2049692278424298	-1.913122274749803	-1.290681376908953	0.9414893473473304	0.5040091277662453	0.1065090603839673	-0.9581095242271184	-0.2346393936461244	-0.4471402686455983	-0.4069720450933368	-0.7364823902589464	-0.9146931675772662	0.9658693352858352	0.0422134198675054	-1.12862773143739	0.5968051683142868	0.5685433866727296	0.559092409132127	-0.0320261199119153	-0.8492698167007757	0.6298014308846236	0.1323647616930767	-0.5468016795907984
0.0723225428	0.0503671992	-0.000277784	0.0676640217	0.0045967585	-0.058946383	-0.0283825523	-0.0738655397	0.0742186113	0.0278103878	-0.091475895	0.0	0.0622511544452919	-0.0804242706184794	0.1736900132214458	0.0038900401291949	0.0017908894505209	0.0027650342981882	0.1468601829911849	0.0027699965503714	-0.3121032455401062	-0.0398557659607229	0.2360862897521795	-0.4505323917438388	-1.3247923430474562	0.5237156401708956	-1.442828079517296	-1.6891384217626555	1.047504988454236	-1.32003988683485	-1.3104965651795697	-0.4976591470069872	-1.4095554683643017	-0.6755645895334395	-0.6019024107370085	-0.649600070373076	0.4490509720510402	-0.2473623244529691	1.6010528520252554	-1.0983642580071322	0.8167793554608732	-0.3939592539569497	-0.9296464913141722	1.3954415058840484	-0.6196589441494774	0.4892148449136067	0.9436801266281202	0.7232202067430438	0.2590862962525129	0.7108281151304245	-0.6595254977400865	-0.6939867035232219	-1.376651439654767	0.2293117451644431	-1.206629564831157	-1.008970417411854	0.7071159741729711	-1.031025355989628	0.0440214501702081	-0.6097461386779583	-1.484105722768551	-0.7677079174000521	-0.8231353712315017
-0.0819915817	0.0506816151	-0.0354847732	-0.0093216612	-0.0154079236	0.0051905217	-0.0295231785	-0.072421501	0.0762691921	0.0231919124	-0.0912389102	0.0	0.0756913298214811	-0.1367594007522399	0.1345528715158224	0.0047269967707336	0.0017931984838701	0.0028262830509239	0.1539381685967531	0.008809641794727	0.1917642484445134	0.8041649878416223	0.7984675298435799	1.0879244106901025	1.5971081262189757	0.7708776801990229	-0.3064226351243322	0.3006223279675468	-1.4406993468275522	-0.9264490764807592	1.2401743207103373	-0.4892462091795856	-0.8171816884743258	-0.5812235652516975	0.1867387114216243	0.3647683833410489	0.2407160030436861	0.2781969276830358	0.0260979969282212	-2.097296537030896	-0.1170413029646382	0.3245006584892277	-0.5412503989533591	1.472834333133484	-0.2337961692405327	0.1360622847031711	0.1430370600695935	0.3422216560174401	-0.4351165061921709	0.8092993974882903	0.2564965051327449	-0.6561906948788759	0.5037021156157458	0.0044369700902363	-0.854796196539939	-0.54854645661408	1.9009801724168125	0.4664359504325472	-0.4817507581630187	-0.312275816386288	-0.6211411051375447	1.0557144278270043	-0.2219471887646397
-0.0213447757	0.0797846719	0.0666035048	0.1276591393	0.1192559138	-0.0357425881	-0.0306587036	-0.070927412	0.0782011853	0.0185093366	-0.0906079513	0.0	0.0649123871494765	-0.1185231820455783	0.1665271875855438	0.0046140491426593	0.001792891676607	0.0027638855260828	0.0697720754573126	-0.2943685656399376	0.9104311532335716	0.817612283902842	1.0536952129120236	-0.3555113338504259	-0.9410472043476864	1.288702768210754	0.6804085528259635	0.7776103164460384	-0.6013699466570895	-0.9063190562889102	-0.919325147865944	-0.5037069801789953	0.143801535769632	-1.4634176734524236	-1.4849686030622715	0.3049719246678793	0.0846567274607247	1.1308885290968418	0.7500269814254112	-1.4560305961409865	1.3674585753760515	1.2245007661248606	-0.2753204759015302	1.3223343489553292	-0.7887557611843533	0.0414282567020386	0.0774680306732592	0.2311270032048545	0.311285341123889	0.5351074108551843	1.6289045432734333	-0.4173224461158493	0.2851324107127658	0.0396590840492262	-1.1969727712886518	0.6771511572114782	1.1256883762473822	-1.330514402014204	-0.3438932575376818	-1.3372936482511248	-1.2533175768916591	0.1841387596875561	0.890656766786197
0.0605878808	0.0742209083	-0.0307081417	0.0490650517	-0.016407412	-0.0015989071	-0.0317889315	-0.0693843053	0.080011587	0.0137756027	-0.0895857427	0.0	0.0608651954070751	-0.1030880154850422	0.1733503038645523	0.0041482046663226	0.0017908819724556	0.002587301252072	0.0585273973068909	-0.0417096537672707	0.3289291468318499	-0.69146734987963	0.4986571554012828	-0.2479713846846424	-1.3301193872602752	1.3423598315086211	0.0046653612467833	0.595157213324218	-0.1285012126540748	-0.8916156975822068	0.2003887204937476	-0.3242998860215605	-0.8715728534896243	-0.5099447218815021	-0.4774340054793491	0.0049649218571726	0.0865555014859908	-1.3653741805959208	0.7356771071827706	-1.024493728281701	-0.4053766626482633	1.168998196861902	-0.1427715277233914	1.5267378211214395	-1.0171134977394365	0.3016685677868713	-0.4384153156979814	0.9152605549249164	-0.2127587936023364	1.941260092374548	-0.1087129914087508	-0.0002192538014866	-0.1434730870879953	-0.1423922286469131	-0.7139625462976804	-0.5171201136636491	1.4999123960532144	-0.5021277361687497	-0.5133495628682806	-1.0935156628004812	-0.6089984088785523	1.1526968432726477	1.644919423262286
-0.0584433817	0.0825442246	0.0162618817	0.0359590475	0.0301634946	-0.0269256731	-0.0329136668	-0.0677932473	0.0816975821	0.0090037942	-0.0881766985	0.0	0.0630208414236648	-0.129091108490357	0.1488062139356856	0.0052143083635803	0.0017959501509021	0.0030433460462715	0.1290636624459561	-0.305070645562642	-0.5853561961960371	0.4814367032734444	1.2114774733378348	-0.085793577005821	-0.151915240848266	1.1360209142414983	0.3738958264691709	0.8760418794279136	-1.774827241717588	-0.3745236733798647	1.3011241899350257	-0.5147373896215607	-0.422912701972081	0.2025164379511106	0.0911002636316439	0.3279278926775134	0.0437362615154559	0.0763849858644463	0.2987810231101694	-0.6177893005020807	0.4710446742033202	1.2986324324740204	-0.2699241881903365	1.5116018642132691	-0.0386876537935591	0.0703387875168858	0.070326650641143	-0.0792495019393405	-0.8740492864750861	0.7269637048863224	1.2013489211240092	-0.2702721891160435	-0.542261840171575	0.2468537103790233	-0.4568989520877889	0.2879815218077698	-0.5000928245592027	-0.1591154302754323	-1.367856542786718	0.5123239201934625	-0.061645297556539	0.5407890020460159	-1.0053183535098296
0.012184456	0.0807288533	0.0182003899	0.0527888667	0.0278031451	-0.050962406	-0.0340327152	-0.0661553376	0.0832565493	0.0042071001	-0.0863869029	0.0	0.0698998130288117	-0.0791242216096037	0.1687405657135201	0.0046232648594862	0.0017941350155923	0.0030818734164706	0.1083495107438846	-0.2099661285553113	-0.1396282638215278	-0.1917368967044847	0.5293709823595487	-0.4773127693624697	-1.1258956140979406	1.129763498503631	0.1233472216484751	-0.0720477639190893	0.1503143208720645	-0.3806877766594349	-0.3822952717679876	-0.4013135605633297	-0.1398241790407773	-0.8847227207513186	-0.0862510855683715	0.1492079425127577	0.2065271544150387	-1.6058129233309455	0.4274141708207679	0.6459022182449548	1.496739763263713	1.4121446200637096	-0.3462044443709079	1.59768339997819	-1.134821416095016	0.709968894380995	0.0272825628670143	0.7492201828412339	0.1428113890676975	0.99000252637821	0.0204562715298253	-0.0559583123991902	-0.2164530513119242	0.2710744538289349	-0.2670542808386184	-0.2054333344746707	-0.6374648131420088	-0.6791536810301633	-1.0046149911085926	-0.7005820005411759	-0.8954395140176252	1.3096611459735543	0.9862876659211932
0.1026158967	0.0401415373	-0.0839131357	-0.0301013268	-0.0608738738	0.0195159235	-0.0351458834	-0.0644717082	0.0846860645	-0.000601222	-0.0842240844	0.0	0.0758990365714709	-0.0795741131007901	0.1671305417496427	0.0045199311626646	0.0016103098797308	0.0032288858608168	0.029767702849188	0.0381127880553161	0.1221136561484566	-0.7448883943321244	0.2173353323275047	-0.2899701654167027	-1.0739171306780284	1.252447196576182	-0.289903066071315	-0.5911286430382562	1.115931600504709	-0.8692741215960251	0.9780319273544648	-0.3020101687381867	-0.443741298061233	0.5355331464047639	0.6892498391457321	-0.6603319462514344	0.1205667196883933	1.5967144540673892	0.7152002020117717	0.6852981350499066	0.4872729195971364	1.4358925100892206	-0.290349547185859	1.5653141095504663	-0.4287443068338492	0.938382742849202	0.6043686067140829	0.9521207096620352	-0.1368176589472451	0.3305438747016938	-0.1318030348734204	1.2159052683863525	-0.3910962883451637	0.3264154140633407	-0.0369867472233811	0.552698541195482	-0.5076289968687748	0.4861507852302145	-0.2461674010332311	0.41758591111054	0.2388100107972666	0.3348850539197927	-0.6477743304029752
-0.0744301443	0.0833451908	-0.083473109	-0.0650399041	-0.0430624902	0.0686969692	-0.0362529791	-0.0627435226	0.0859839051	-0.0054078825	-0.0816975821	0.0	0.0757275452135246	-0.1097995663368749	0.1376825182146746	0.0048619306824103	0.0017969136036248	0.0034541610590394	0.0975388902221141	0.1323998679632884	0.3807376772901511	0.3334280122982895	0.8965303494295878	0.1035335284876718	1.4034100154815834	1.2418056433955107	-0.3328484238032241	-0.2683835551185646	-1.3014177722760278	-0.4590386182685653	1.0223989943774707	-0.4661814120770947	0.1921973757845082	0.447233592527907	-0.2387705302582803	-0.0460712161205095	-0.0319258667232356	-1.5519484126888308	-0.2907392392817844	0.1979331962834475	-1.0147414427593475	1.296520918471774	0.0131129745267415	1.5534597747925074	0.1938176315300878	0.6074683780101412	-0.0742551872446565	0.3715213153615477	-0.0804330752196104	0.0082987852005668	1.6501204249206842	-0.0218849747711909	1.0014008558773384	0.5932080749064691	0.1514092190088735	-0.5502468998242079	0.0495771554078919	0.49472751097347	0.0915659335168879	0.6825638395523393	0.681214181268157	1.083553997518808	0.0273868094892389
-0.0151117021	0.0608135711	0.0293447473	0.0449563902	0.0088746524	-0.0122529085	-0.0373538109	-0.0609719752	0.0871480531	-0.010199596	-0.0788183057	0.0	0.0752481158101971	-0.1255598585734674	0.1887478653103471	0.0055772572154028	0.0019081533856233	0.0034522203787718	0.1087304184985225	-0.4388014252570953	-0.4995362518067547	0.4607225205894217	1.1217894600018503	-0.9240778821676388	-0.4243711299637098	1.5297146891945776	0.1725261288064941	0.0074966425606509	-0.2377120819720637	0.2558633896794392	0.5354524732091929	-0.0700450561711915	0.407007674141192	-0.4012532454477685	-1.8110981811013027	-0.350674372731079	-0.3094165688195886	0.5186765549222586	-1.1526345785275205	-0.4763350897112696	1.4006384986183351	0.7444651714023014	0.3387313555862502	1.1474116980853248	0.6922684536496362	0.2787016545484517	-0.9007356342560212	0.316160822103305	-0.7325531614430169	-0.1369498645917709	0.2993681475528346	0.21792103960282	-1.3053122755912854	0.5444257331410062	0.0872324232435037	0.3346746297195641	-1.5004120695509324	-1.1315332835825374	0.3893792824690871	0.5873009708671204	-0.1440181009362117	-0.5427708099463131	-0.3575031975587328
0.0793456037	0.0847462992	-0.073183993	-0.0541680936	0.0014064477	0.0306635617	-0.0384481886	-0.0591582902	0.0881766985	-0.0149631188	-0.0755986879	0.0	0.0628436290415805	-0.0596012634408822	0.172689516332511	0.0053132374750989	0.0017968061371027	0.0031197563321332	0.1298129826521929	-0.0260281536135138	0.8957897481553406	-0.2804015951912968	0.2158183070487494	0.7718287092583349	-0.6878605643512958	1.701599010530808	-0.5102510599055254	-1.2821908032876514	0.5396696129339847	-0.5597044279107883	1.1805194818016094	-0.2368054854683173	-0.2597936126715736	0.162109563150408	1.0470215112702708	-0.2652491587117513	-0.3482070296816913	0.1093531997421418	0.1905573297208944	-0.2076964909232431	-0.1728562993543171	0.4054812884035114	0.2668182938929659	1.3168430674199916	0.8918885374462054	0.9625457261663573	-0.3879494828447781	0.6933544827842657	-0.2057022431111551	-0.441830352215615	-0.3108375482063991	-0.2902817149160122	0.2631712173763913	0.0669737817215081	-0.2062359709207982	0.6270773313248433	-0.3464568114838544	1.0458019269994967	1.184898241948352	-0.0546329276508445	1.268343340199361	-0.2488368188106345	0.5463809484096765
-0.0567430062	0.0700379791	-0.0373925519	-0.0472772825	-0.0558258239	0.0141767472	-0.0395359232	-0.057303721	0.0890682417	-0.0196852849	-0.0720526312	0.0	0.0694575735562637	-0.1319397498940588	0.1482501741693482	0.0053739044184956	0.0017989017607302	0.0034917041978179	0.1251272947664676	-0.1542850098062733	0.3911909455673358	0.1075550325669676	0.8721373930345095	0.8805178764780314	1.0121172613807032	1.5758580034940082	-0.4527738724759564	0.0371397206517284	-0.0013165938041974	0.1564988773411947	1.3022551160529148	-0.3064737374456069	0.3864531423911013	0.4606033451364136	0.2375022594273443	-0.2323714865687542	-0.4655292792706048	-0.7954573482241648	-0.2228345836278726	-0.5883076831103269	-0.0956257562941313	0.7996046649276923	0.3667589796306857	1.167642497957575	1.1636027850667798	0.6584214282331926	0.5001891668159018	-0.6469876415672989	0.362828592475882	-0.1665351513326046	0.6603630199006012	0.5051021436838392	0.3711784398830993	0.369618642779269	0.1063582799787207	-0.4653010505215115	-0.3075870032493982	0.7630135868113069	1.1984847517259398	1.576014434906234	0.7160046034941828	-0.6470878935267561	-1.2525750125641877
-0.055353245	0.0507209656	-0.0087871387	0.0183200634	-0.0264602398	0.003278274	-0.0406168267	-0.0554095495	0.0898212967	-0.0243530426	-0.0681954477	0.0	0.065039721090983	-0.1091037855925947	0.1644072399422782	0.00558429409108	0.0026132011280572	0.0036437479304513	0.1022475211669148	-0.2542153363483557	-0.4936423468386604	0.5312330341755842	0.8800986584642575	-1.2237348522476563	0.531963095513336	1.6260706085055634	-0.3325176766744561	0.0894730620788886	-0.5907811694429962	0.5314283335348639	-0.9838194063694812	-0.1186800130539244	-0.071853975340479	-0.3089405931564327	-1.718882292436986	0.1295822601752247	-0.7500911003531839	-0.426710332760856	-1.4524959735115022	-0.3556486460580895	1.1565251733283992	-0.0237269602978821	0.4425549421725108	0.815519127606803	-0.595833088669003	0.7453811989465968	-0.8581672075629918	-0.5517511971392224	-0.2740445722985644	-0.2485959843636296	-0.6620657265743997	0.4904622871132612	-0.481040645179242	0.3348429867798261	0.3125449870439201	-0.4958691295127198	-0.1467997014064999	-1.1229707209524278	0.6234183662486531	0.3928814936853674	-0.5286049569614658	0.7610281154804533	0.7595606257762065
0.0814530973	0.0891516904	0.0008005403	-0.0280341944	-0.0171262909	0.0490314825	-0.0416907124	-0.0534770846	0.0904346925	-0.0289534907	-0.0640437928	0.0	0.0613086831604334	-0.0641849994413092	0.190111608315675	0.0049149068233966	0.0019698255404598	0.0031771863185857	0.1633204158125518	-0.2004634952822279	0.3248008353171605	-0.1077088751066226	0.2775666059708281	-0.8039012298909574	-0.5429511689336022	1.5014644987132493	-1.005191577006324	-1.0906045322888336	0.5746979559519745	-0.2981121071706891	0.0632160369014291	-0.1202765640887302	-0.0174635356428859	-0.968833114059092	0.0416138686295633	-0.4603358941228433	-1.162834985606929	0.902812276931642	0.5418943886283262	0.1111913673012741	0.0021935492046297	0.0392941229097129	0.5707040532448742	0.7316708994542358	0.984928841337024	0.9697003383839752	0.7360321068476827	0.3113162883049135	0.1743216190140532	-0.4898840867034613	-1.081007680608107	0.1531582806460896	-0.9851971192149686	0.0515722647931046	-0.1194990176272842	0.7126394437030963	-0.5338437663277634	0.0695007721280467	1.335944257311583	-0.930473949990533	-0.1542953486307861	0.5716641830064334	0.3649300304101865
-0.0632820401	0.0885891156	-0.0071988215	-0.0325554517	-0.0528090586	0.0461093929	-0.0427573947	-0.0515076619	0.0909074754	-0.033473914	-0.0596155937	0.0	0.069538699734295	-0.1247002338393912	0.1462832829369063	0.005844062719001	0.0021106972813971	0.0033098724177279	0.1727092631349073	-0.1329979086676281	-0.1169576038571918	0.5008589117923189	1.0771719035549614	0.0751571333608811	1.13956239242809	1.4257937135856116	-0.3586797616801029	0.6136447862796951	0.0217358561310857	0.3280824824518358	0.9581406002008248	0.0676072323607342	0.4073442634682734	0.362980392233823	0.0584706112522327	-0.1448842237047302	-1.444564114465657	-0.3111232995226596	-0.1904806614922423	-0.3127725465894362	-0.4952239663887806	-0.6081852211412092	0.7321217688477623	0.3917722771651303	1.0546796791554327	0.4055728936645751	0.4286151073019075	-0.1536198113418494	-0.1130554146082142	-0.1348246840627479	-0.3024914148658136	-0.1407289572520482	0.1338605491599259	0.2333730344330872	0.1921708443076732	0.0272606648028524	-0.1866583489929006	0.3808113425803009	1.1011021352112271	0.9212485275642944	0.3359480743844384	0.6335461693509452	-0.7453396729911191
-0.0252597603	0.0678472581	0.1018720982	0.0294990671	-0.0155358496	0.0318895465	-0.0438166893	-0.0495026423	0.0912389102	-0.0379018183	-0.0549299716	0.0	0.0749025533943523	-0.0891169614886706	0.1853025343922212	0.0063970051670836	0.0022068311257048	0.0036889925959273	0.1313762009955778	-0.5126983631002886	-0.3719297032863035	0.4404367313045168	1.182753266588505	-0.8921095637506659	-0.11827352422887	1.1666218081061324	0.0057048381654602	0.318869385497379	-0.1329222901878626	0.8154139857646978	-0.5453870152142771	-0.0659314527470135	0.3530542974694068	-0.5188875341838609	-1.5154313743948056	0.3222538857554806	-1.5737911395933688	0.95392541198199	-0.5750451255819043	-0.0205939022886072	0.9722266018206565	-0.5885735899887946	0.8448038765526399	0.30705874422329	0.0840366638278143	0.4240929886786283	-0.7805212852493789	-0.1923207923438371	-0.5949562997609795	0.0889176950707057	-0.3170112926231844	-0.1972964296838083	-0.5294651623176978	0.4567928606649514	0.2532265533308486	0.2203332486081398	-0.6219615286911282	-1.1521216627766162	-0.3240501065817271	0.1417538426860038	-1.2832805913827563	0.1837822571046129	-0.0564843547760532
0.1033152977	0.0803417042	0.0231379184	-0.0417798032	-0.0398913678	0.0502204682	-0.0448684131	-0.0474634117	0.0914284817	-0.0422249655	-0.0500071591	0.0	0.0863051318392535	-0.0690438700708568	0.1811696700016938	0.0048781669615426	0.0017981730859852	0.0037516473863953	0.1351160860396724	0.028533135947704	0.1193197386899017	-0.6826511232077691	0.2296532531233281	-0.4310636016260425	-1.0583389022211929	0.9952091313112204	-0.3327631712559553	-0.7162927490959293	0.7594883868896942	0.0877669149452158	0.3160441082568199	-0.1631759020122654	-0.4147008581785016	-0.2745650679507128	0.071254079155773	-0.2502944683355966	-1.8388196727953183	-0.1236743025748141	0.462337027805381	0.4559731070772634	-0.2846138602262827	-0.4468576327475893	0.8570792421742236	0.3599411582927382	0.1061990142854757	1.2896579404721664	0.341964136397782	0.4528865445722765	0.1461162822281415	-0.3889917084747614	-0.8394056573911428	0.2617001811982523	-0.0937756028748598	0.1930807889549253	0.3100370251366067	0.5093660187863334	-0.0568980076420434	-0.0987039403475606	-0.0256307810439046	-1.291825304113161	-0.3146583801082034	0.7831079618746674	0.2822435553304914
-0.0425929669	0.0648322975	0.0223829353	-0.0696909801	-0.0655948222	0.0541436408	-0.0459123846	-0.0453913792	0.091475895	-0.0464314067	-0.0448684131	0.0	0.0947483917810956	-0.1290807650361642	0.1459932363604963	0.0057022051887756	0.0018011243831996	0.0037194054556807	0.146618161306447	-0.1542908604881386	0.0563935029018876	-0.1796686408654971	1.0282676512956472	0.9283968025626004	0.8256372168257538	0.2854411696215651	-0.4487394820784198	0.2143803984323462	-0.0797490420476616	0.4591410845064104	1.1923166172692052	-0.3132906538921256	0.172340589215298	0.2153087629818351	0.304964968710859	-0.2360468831507585	-2.043881979408586	-0.6730973620845895	0.4113647360944952	-0.7007663012162265	0.4689309142010313	-0.8142206067844	0.8959271059033289	0.0923211740239171	2.7085597875450427	0.6460839819610005	1.1524211356570706	-0.2244936386018806	0.1949318347501893	0.6654429679175259	0.774015830456101	1.4595726891447696	-0.5540948316540613	0.4551224347165899	0.2778019315240655	-0.4848287630533722	-0.4130417767799609	-0.4074109888902351	-0.5875060658402295	0.37115888760312	-0.5095432082101125	0.69551708539746	-1.273942868064832
-0.0220507011	0.0519335811	0.0656099636	0.0080674507	0.0222169558	0.051230536	-0.0469484232	-0.0432879769	0.0913810765	-0.0505095157	-0.0395359232	0.0	0.0944553939639405	-0.1356096912430331	0.1468106809050908	0.0064637912543296	0.001921048072639	0.0034118364756928	0.0670933053176835	-0.0782372208451761	-0.2005579351095091	0.62113641369003	1.3305665618199511	-0.7567744638607102	-0.0554053103834312	-0.3344861731579928	0.2396604819614498	0.5253788077840845	-1.0162376410566414	0.3440595509345275	-1.2011587975051157	-0.4263769361864993	0.5683096666413326	0.1115414541314943	-0.1500454245995924	0.2854047296663768	-1.935919108728856	-1.0966380320774662	-0.3307146528011651	-0.5655035994139307	2.153590030963536	-1.0515484572562224	0.8867362496945742	-0.0073733224507625	0.0008410196907568	0.3826065187699934	-0.2020421400287492	-0.2959968621380222	-0.5465743422305667	1.0637431828569424	0.7592007666008834	1.7480840592208071	-0.9469437980765676	0.7714272293390262	-0.8645056023656376	1.0858258635215483	0.7700620868950294	0.1270506696229374	-1.840576109858833	0.5617013867074035	0.2100713673608029	0.2175424229310325	0.6802437182633119
0.0565551228	0.0609638001	0.1035258745	-0.0312882097	-0.0026352945	0.0563408498	-0.04797635	-0.0411546584	0.0911441736	-0.0544480209	-0.0340327152	0.0	0.0982490700331339	-0.0592511445886714	0.2230523279851866	0.0058341164427014	0.0019906150791242	0.0034607319786383	0.1938007358565958	-0.245756524946944	-0.3774736227158082	-0.1321630280418803	0.3661612540424277	-0.0069670089049472	-0.5342418988687595	-0.5755330390628538	0.1408381307215185	-0.6294687444607416	-0.1046571733553101	0.1603572083135249	-0.3399080753387932	-0.3708962876506117	-0.0666284639289036	-0.9703797014044424	0.5390118144895553	1.1814955315245754	-1.9843214816586847	-0.5642870245265869	0.9303695763715996	0.3893236003236108	0.0418496528094819	-0.6189160860937541	1.002919902289612	0.1326686579176087	-0.5942843396575239	1.1424918978072998	0.0231174445045813	0.5802825832405579	0.4947887120582034	-0.0076633531103081	0.2549023059773224	0.1848299441885093	-0.696064890858997	0.4723599629287336	-0.8368258989855178	-0.1778129597047384	-0.2481117256016861	-0.6292725279351525	0.0151006288447998	-0.9333116136729406	-0.4568773924905704	-0.3566270021558336	0.367740816182078
0.0076560029	0.0480516607	0.0764036738	-0.0541342915	-0.0670072827	-0.0006749818	-0.0489959873	-0.0389928981	0.0907655546	-0.0582360367	-0.0283825523	0.0	0.0994867683607765	-0.1272996641888255	0.177577315473485	0.0062466650282708	0.0024049703518809	0.0036630384312008	0.1662217459839282	-0.0516008608507601	-0.0123891403976371	-0.7313333456404087	0.6532908590990815	-0.1361762087018279	-0.0485752070778496	-0.875459263626685	0.0173263865288089	0.3623245677845469	0.92657670406079	1.0730798337965763	0.6345624502902196	-0.3671198803086102	-0.3254347644970682	0.7346951919227115	0.5917905349191063	-0.0260899985891927	-1.9465913683481648	0.0014501281354441	0.7769473751843956	-0.3538224298853032	0.2802057599943182	-0.4681968703122237	1.0536897132126857	-0.0753734671370363	0.5727507013186427	1.0906631119976131	0.3539929639371481	0.4967500395128806	0.2559986072812221	0.6161581299923792	0.1964272460153198	0.927337626527444	0.3299087086340853	0.6158104361259147	0.1771538058382971	-0.6945356735627628	-0.2829982289105536	-0.2475930629960423	0.7103091878117697	1.3567947852045692	0.4068142999115819	-0.0742646088811368	-0.5874795692885271
-0.0381830497	0.0296320988	0.0444230905	-0.0297210749	-0.0480353455	-0.0106577507	-0.0500071591	-0.0368041899	0.0902458083	-0.0618630933	-0.0226098321	0.0	0.0941346436912908	-0.1216726159208434	0.149093741683373	0.0067725251439374	0.0025524808393639	0.0039689203817426	0.0884253744121497	-0.0857801554607656	-0.55774239263358	0.1600464707583528	1.025126096245496	-0.4809827133670303	0.4628765425748784	-1.2106676358241446	0.2655474419248192	0.4139910574266956	-1.3206356714062295	1.446302302467539	0.3840337971642187	-0.5149843595689819	0.0593743646895825	0.758189651620098	1.3001241162500872	0.8045253439978669	-1.6888794545537935	-0.4247063995298993	-0.5169346093507506	-0.4271008487243262	0.8912938119588908	0.2430902321563472	0.9962872448323956	-0.0591356429899975	-0.1682124720649547	1.090994439617828	-1.1935231246508635	-0.355215146809785	0.0174438719022115	0.2601365797109087	0.8990102594862766	0.2696165481830629	0.0486808931138999	0.4462810486611844	0.1221261956131456	-0.1215039892987171	-0.5135141778991273	0.5956006135398384	-0.8082920842227447	0.8365490300712977	0.485134263914299	0.9529122638965748	-0.324049192962949
0.0551822878	0.0289304852	0.1108014988	0.0040422676	-0.0170899702	-0.0278903939	-0.0510096905	-0.0345900464	0.0895857427	-0.0653191659	-0.0167394815	0.0	0.0945854772626546	-0.0663244634332471	0.2201028085592327	0.0058150144070531	0.002335107658776	0.003466750863502	0.2106607247204598	-0.1546214548926372	0.1208754369064818	-0.114941366021233	0.5044184198054531	0.3371356396156569	-0.73213804344828	-1.6810515825827104	-0.6907344843471069	-0.8227002961431812	0.5880852644462083	0.5798224754932244	0.3143305529159484	-0.4920703811382444	0.3149130864613512	-1.2690637507580906	-0.595944593302153	-0.0025357168247414	-1.0464995022740475	0.0244177351482757	0.8787586466429131	0.5620752564502968	0.4674020921724827	1.4486709223267928	1.1289385716722509	0.0610236455482886	1.043284867775845	1.0015216853890103	0.6065573966188387	0.7247440644123598	-0.0007771926637967	0.4483373329322201	-1.1674456437814686	-0.4303679403701497	-0.8593074580367184	0.6108732439269685	-1.519673000948993	0.348633045629917	-0.8216907123753714	-0.4823582969743213	0.5341016688066509	-0.7043401914575065	-0.587794226438799	-0.6883155764693564	-0.0290630019211752
0.007047341	-0.010813069	0.0598409454	-0.0686215433	-0.1048489543	0.0333277162	-0.0520034083	-0.0323519979	0.0887863842	-0.0685947023	-0.010796849	0.0	0.096867048262311	-0.1331353354775899	0.1709893883518702	0.0062600470791444	0.0021880539435645	0.0036802042937158	0.1584828541271916	0.1466378846800453	0.4952902837910687	-0.6331664832886154	0.7088277660353657	-0.1426646319189149	0.4484618852312276	-1.811409066241772	0.0577465173233965	0.8391445128792634	0.9985365156393428	0.7583641360629665	0.5270610752944602	-0.2186437828429836	0.2048407577089824	0.3018678653494377	0.4161837458205112	-0.4087092877228663	-0.5767754652227519	0.602139328803528	0.0301096643280797	-0.1359393910832161	0.0878271254408755	1.0503887518951631	1.2645550594470634	-0.0311617374774937	0.649563096307523	1.030016101043188	0.9818175648025568	0.4862719740702476	0.3847171412136849	0.5986650228524653	-0.1407951858660137	0.7066107780262307	-0.2784913791380057	0.455735710243844	-0.4480897537689975	-0.1370320961804708	-0.5270503334698213	0.734479386206672	0.8314449627012019	0.91390956444076	0.3800004796412348	-0.0779412468430971	-0.8157821881669718
-0.0485374686	-0.0248457408	0.0996634114	-0.0284834296	-0.0234945552	0.036146261	-0.052988141	-0.0300915909	0.0878489756	-0.071680649	-0.0048075951	0.0	0.0939655742610483	-0.1166162065053413	0.1881047466351049	0.0067230237016282	0.002867092881531	0.00388042262993	0.103647656089971	-0.0094938299819472	-0.3281908877283646	0.1413511809373397	0.972081858083642	-0.4176531507097915	0.7313249456528054	-1.7274738831141612	-0.6916487142549476	0.5374275174340215	-0.4673094908975055	1.1490749741675916	-0.8966525455810525	-0.2538413280462321	0.3557702186873467	-0.2931552547391276	-0.9507510015745344	-0.0222696595120652	-0.0213871469936638	0.3112388689934093	-0.6966208781466086	-0.5970126864840211	0.3617591767069738	0.7583154456259703	1.279873711939074	-0.1982298343952915	-0.4685562572671522	0.893833824877049	-1.0230106062497684	-0.1904912413900247	-0.3127369371266422	0.4079170105525277	-0.1056517545243015	0.6241504564507355	-0.3271339769535	0.6005289696828086	-0.0709523528044738	-0.2900094362675205	-0.4952817391638214	-0.0861388259448285	-0.7698661717852531	0.4665512161474165	0.0093409555172104	0.0371912713887366	0.0332583107774008
0.07576087	-0.0505322601	0.05693505	-0.0433643924	-0.0315546094	0.0019471085	-0.0539637182	-0.0278103878	0.0867749746	-0.0745684769	0.0012024181	0.0	0.0943320809791146	-0.073853679683836	0.2105528290566951	0.0058953288533734	0.0026371223458254	0.0035917723741788	0.1328928979467418	-0.0250195729453048	-0.1155509700885307	-0.3541460727826429	0.2582162601873625	0.5176932076156845	-0.8085062832231091	-1.5117649364123944	0.4837211853955594	-0.4987674831452502	0.215257581174532	0.5518660717067838	-0.5656884910822244	-0.3286145991251417	-0.4659099722222519	-0.814799247327338	-0.2477336558999517	-0.2516111043690953	0.5220506954779945	0.6287446653667919	0.9124103287859332	-0.0338275998994499	-0.395712743505292	-0.4090775224823982	1.430740850271143	-0.2448741802067006	0.0750251594312569	1.4951857889844349	0.6138178175663954	0.3740600654314807	0.0028401429271315	-0.6177195787258098	-0.5027260716655568	0.9769344605508324	-0.3268806491388629	0.0551052552946067	-0.1612206603285416	-0.1592069694368369	0.0376277696712603	0.4548320192156193	0.2582238978065847	-0.7152811791524192	0.1012187845497539	-0.0304112261214066	0.3720586501990069
-0.0421414544	-0.0476555297	-0.0079326469	-0.06190175	-0.0405276117	0.0105327986	-0.0549299716	-0.025509965	0.0855660509	-0.0772502043	0.0072072393	0.0	0.0944079206290666	-0.1376357815452706	0.1773682412099049	0.0061441141973159	0.0026007556082059	0.0038130596263636	0.1223644960455167	0.1829969106344738	-0.1874576707258592	0.0247018701199654	1.0128438020176358	-0.2015411093202194	0.915118849652214	-1.1918793381375794	0.1280792737942907	0.4807248991313314	0.0158278698525321	1.4154802224360636	0.6387974083338921	-0.4503169760002357	0.6852894111061664	0.8376025611606914	0.5047150857645603	-0.2206623021870102	1.0794570034059985	-0.6702652976019018	0.2695328701208502	-0.9676063616611352	-1.1293365459664362	-0.733228757632043	1.200029029474174	-0.8338400182058134	0.5133116648488134	0.8536527493728624	0.5128432885912027	-0.191548499308196	0.2458887710075063	0.6094922345333313	0.7260059454675234	0.8345155056764222	-0.0199822783747635	0.1728691023747007	0.123825058149805	-0.2361754841866254	-0.821884269654808	0.6073665984706439	1.0080922561104395	0.3737611166579981	0.8603030277462617	0.2315575414251304	-0.9423676172703532
-0.0484198675	-0.0829417184	0.0227648132	0.0601747406	-0.0013864789	-0.0224559076	-0.055886734	-0.0231919124	0.0842240844	-0.0797184191	0.0131809392	0.0	0.0721612412048813	-0.1205565939817461	0.1877128754821058	0.0061758870375919	0.0033648357386775	0.0039771679004194	0.0976685635000806	-0.1496347469365337	-0.4798411551992805	0.5984382381705947	1.2321812344536804	-1.4468493435271286	0.2070043794538626	-0.4028457832426046	0.5487621182787447	0.5517822882623152	-0.2617051094844788	1.4223052170970816	-2.253113058289038	-0.2756300778288668	0.7664307151284551	-0.0032513244530159	-0.6224115470752197	-0.0521152695029105	1.3874501898496414	-0.4597685625834402	-0.4376833271409334	-0.9244239166084888	1.057291210416373	-0.803625706388353	0.8046285758279426	-1.540804223274853	-0.7571950730913971	0.7192902236474086	-0.6740868369310983	0.0471154632678359	-0.3491348780062042	0.5988887862215732	0.3094472599920173	-0.7315253204110829	-0.9197478965468112	0.2295758133931616	-0.2290190406952386	-0.0577977321809604	0.308505763754093	-0.4992850270687857	-1.9444422671908832	0.0862690651014797	-0.1866952595845694	0.2773357234325449	1.458464514626855
0.0649896482	-0.0867008231	-0.0030318441	0.0482222007	0.023625252	-0.0239381965	-0.0568338402	-0.0208578319	0.0827511615	-0.0819662993	0.0190977232	0.0	0.0806623718960111	-0.0513098049171958	0.2245792944162019	0.005344072232309	0.0028229630344429	0.0035289951926675	0.2057073495532461	-0.0558681584117237	-0.1259653504598096	0.2065447622469396	0.4075217486826672	0.0083110808072643	-1.0208362247444955	-0.0591708594501155	0.2465796335443959	-1.2494918683104312	0.9473770722667604	0.3670681367882915	0.3162209664447357	-0.2760951877272329	0.316275614052701	-0.2745386240829255	-0.0846251509659814	0.1528163908410132	1.2071266303979111	-0.4830893787858855	0.991572691452388	-0.1532209819653092	-0.7010996390528944	-1.3120905830364835	0.2058740832304471	-1.7628774861011365	0.2324117471232408	1.226817161415368	0.235098642787872	1.2873503181642905	0.3732758123451127	-0.1489234364123497	0.0465682483414287	-1.525973201793101	-0.4420022067129297	0.0629611111053745	-0.8687361035386224	-0.1658694295677178	0.5606417896524892	-0.969191758076558	-0.3394102241819	-1.315229928280185	-0.0941530312967134	0.1649744455088855	1.12733652555553
-0.03976624	-0.0570128829	-0.0446967718	0.0385963074	-0.0316910551	-0.0912160803	-0.0577711266	-0.0185093366	0.0811495725	-0.0839876321	0.0249320423	0.0	0.083536831749285	-0.1172057756548952	0.1691469047760989	0.0058317395684925	0.0029007526946007	0.0040180910837493	0.1769304646022312	-0.0637483281974534	-0.1609830233051501	0.0370316393042854	1.1491245590815098	-0.3272786437846688	0.3822375192821775	-0.026893433328372	-0.0245347476682663	0.3265624687190161	-0.5339754264439656	1.3900673269106287	1.359101731263083	-0.3072758463949928	0.3233947051515324	0.4808905823699818	0.827009678363447	-0.2577492559103468	0.9326686984101816	0.4811391384824726	0.2787012659368754	-0.7176211578079806	0.1206224700329373	-0.2749435646314931	-0.2861016757701745	-1.8709022838804776	0.5237860531812719	0.8629558113245355	0.3120897718368415	0.3410182179782679	-0.0024402872339402	0.0742220254836077	0.3874859360929357	-1.433288832093797	-0.0625138766672311	0.0128427153218964	-0.0292414196093457	-0.5084160666226106	-1.0516388600188638	0.0933005560253482	0.8334537729223116	1.0322198583325928	0.5797146219485666	-0.4796133557428771	-1.115287307086829
-0.0239590687	-0.0611485533	0.0102219989	0.1005267013	0.066497619	-0.0003555716	-0.0586984312	-0.0161480496	0.0794218076	-0.0857768306	0.0306587036	0.0	0.069049974730035	-0.0769209326551845	0.2279340164301686	0.0057048997330458	0.0030620331885566	0.0040298206250722	0.1285513052093054	-0.349840587727727	-0.1583063105359676	0.0887523498649182	1.0256940390640183	-0.8289681751528435	-0.1347417366915614	-0.0759865590863908	0.1843574406116315	-0.345983017624092	-0.0711465998168376	1.2257475180521076	-0.2889289486433996	-0.163345999151431	0.4346384894207108	-1.2558144741470754	-0.919732439652612	0.0897370800761316	0.9258812907225838	0.3996433924764525	0.0685308886194011	0.2701865138088867	0.525128525973563	0.8919533324086549	-0.7444628553507525	-1.5253030156234375	-0.7576721411232658	0.8803715601397322	-0.4877923965980933	0.5681595979082208	-0.1647073976226517	0.3195822424059383	-0.254472535604297	-0.7027887297452972	0.1333271640432338	-0.1408929677339226	0.075458034890925	-0.8908530463987099	-0.2728155106233357	-1.146447650250688	-0.6833720782497914	-0.9978774250603256	-0.5696789567604693	-0.3099138952587161	0.6569942765874469
0.079478105	-0.0287300912	-0.0999333894	0.0010494353	0.0222669458	0.0291020198	-0.0596155937	-0.0137756027	0.0775705533	-0.0873289498	0.0362529791	0.0	0.0691353027565071	-0.0766703509151511	0.2076898071976103	0.0057639100788506	0.0026127890968634	0.003559011578358	0.0695332932096738	0.0175261195653215	0.2872330964095601	-0.3459580932569225	0.8334787600308069	-1.5937671553748718	-0.9111182495588368	-0.0809421706603727	-0.7618196534862306	-0.2772089824869908	0.7930126534288616	0.3239812507597722	0.332243300833744	-0.1523627278923962	-0.0279139558819645	-0.2917210853415269	-1.405234918543471	-0.5904167939788111	0.6185721450184299	1.8100405313586996	0.050199869123078	0.2654806569525058	-0.3504438847565088	0.4866909758028306	-1.3126815217616086	-0.8537354135243522	-0.3253076846861277	0.8086388024313765	0.1757902230754053	0.9590991772290864	-0.5970288825359107	0.0087356418051323	-0.9900027692117124	0.754220867231887	-1.1410296789388268	-0.1451144581467942	-0.1261593161311881	0.726709535580272	-0.2374971307906672	0.908196134253883	0.4672491243779859	-0.1052215704807618	0.3988516123727364	0.2229571839170524	0.5855530207595431
-0.1008428952	0.0264049898	-0.1014787076	-0.0113815309	0.0315079514	0.0028014345	-0.0605224558	-0.0113936355	0.0755986879	-0.0886396995	0.0416907124	0.0	0.0835445621624444	-0.1138409359299572	0.166022370667136	0.0062569358267171	0.002886175525766	0.0035590173034541	0.1315681760444777	-0.2159279544554256	0.0412121452205799	0.783884541871138	1.5043265522968106	1.2102026191041888	1.261248710532175	0.0294394346620224	-0.4294272158654454	0.5702730690000154	-1.2836782389902692	1.2790907247873435	0.99049365028739	-0.1969442756007897	0.6738945054500284	0.1988444494348343	1.0017113941065434	0.2203404314544993	0.4130631034208636	-0.5682694852023167	-0.4255749525210785	-0.4670980785209342	-0.3125767094544942	-1.6082259139721782	-1.3722579975885982	0.1453826752592962	0.8947827762163756	0.6098061431004268	-0.240111908119054	-0.4723100330733243	-0.408702533346333	-1.014823178384976	0.9288289402075514	-0.3149269427932875	0.7338184961949845	0.0975953349294639	-0.0462920233939984	0.0706018894088598	-0.6318291354767439	0.6689235080813817	0.1007329137854525	0.4981024241240897	0.5342707084044206	0.5685865008271148	-0.9477763483597366
0.0135366808	0.0210124659	-0.0197844587	0.1139147895	0.0285542223	-0.0569251763	-0.0614188607	-0.0090037942	0.0735092774	-0.0897054572	0.0469484232	0.0	0.078082315627995	-0.0858238052964708	0.2090064079899747	0.005753210819564	0.0029738622113717	0.0039359972534683	0.1248829966294245	-0.42584985041997	-0.3672041153898084	-0.1782300920187976	0.8993467925939311	-1.1116733481777985	-0.8384514700941305	0.1984920420817097	0.033677234064543	-0.3238330835803746	0.3674550367783433	1.3236579162490236	-0.9291481772812246	-0.1400963916658189	0.6742184516008016	-0.5435119054449453	-0.7056808137809041	0.4371736135136387	0.5157186548639108	-0.091370405458452	-0.5240934949569103	0.4774823827001243	1.666259815054971	-1.7937364786186991	-1.145839746416094	0.902604296020552	0.3270078252004751	1.0977629272173108	0.4503791241740089	0.4851986773860944	-0.1680143887343084	0.4063228120298774	0.0151788417385054	-0.6589059243334772	-0.6153640859305771	-0.1035197518823285	0.0483827209619019	-1.0162621938063978	-1.3354233316548167	-0.8706909084989888	0.2629707851701146	-0.3018627456453407	-0.9523430116572345	0.2666140275844187	-0.0642529045201024
0.0849694755	0.0201963192	-0.1302757409	-0.0407926469	-0.0519206901	-0.0064516415	-0.0623046536	-0.0066077305	0.0713055705	-0.090523277	0.0520034083	0.0	0.0859111522375428	-0.062677712651066	0.1869807298165966	0.0051161175987278	0.0030559792445696	0.0038872250461442	0.0913997304962407	0.3622098644922733	0.9939559646612968	-0.3675726554272044	0.3547775749494427	0.4059636013328181	-0.5707086545685304	0.4703913328270586	-0.5790317136271559	-1.5094740063004013	1.864430605311221	0.559889355569824	-0.9540996925627498	-0.0577492219006462	0.0455276608256196	1.484184402517435	1.7489905600978972	-0.4845641018651664	0.5183534959875349	2.511194783160286	0.431689075760887	0.204485795751372	-0.8512403228214497	-1.1151385018924074	-1.0089968045105298	1.2707296916169355	-1.4245380126514229	1.4239612608441456	1.12762301228136	-0.3690019453829659	-0.1025634955627198	-0.968389161535784	0.7673384464008532	0.1060461460915352	1.173694984231713	-0.2572201270727345	-0.4621575725955993	0.3368396080988878	0.2295644337464436	-0.8463579363645538	0.4518092641362063	-0.1471639317624554	3.0152067154815074	0.2956556347389752	0.1377895886218302
-0.1022311152	0.1030732769	-0.0662609613	8.99798e-05	0.006012289	0.0238240788	-0.0631796814	-0.0042071001	0.0689909938	-0.0910908987	0.0568338402	0.0	0.0856871298733636	-0.1170823389449537	0.1483639908997673	0.0055530996827643	0.0026389746625459	0.0037607149901697	0.1422702236766312	-0.0697802302657879	0.3984522196097771	0.6496611087318324	1.6816401830481489	0.7888297070101026	1.575867813593332	0.9684707316749048	-0.3470131932175453	-0.6481876038021598	-0.8017848754041933	0.2683215652461893	0.0073368959093486	-0.2721700419172586	0.5264970224655987	-0.4385647580296763	0.1948452248533151	-0.1912157325880795	0.151396511098345	-1.5972557382939796	-0.4771950990891382	0.0256597643302041	-0.8328609127627866	0.8261430507941118	-0.3095717952201444	1.368159219419463	-0.8618663629296495	0.3053485187916325	0.7177822629437806	-0.1092951494056234	-0.1861080528338684	-0.9341069570588806	0.7726989219871057	-0.3313164209653091	0.4136560603570244	0.1375787654356086	-0.6394915611540196	-0.2023788455023566	1.0350194538471174	-1.5027084401334272	-0.369265160622826	0.6534062094853299	0.1268505434060972	0.1172911477031337	-0.562905940217366
-0.0318952711	0.090905304	0.0645560055	0.0834227607	0.03344109	0.0021547537	-0.0640437928	-0.0018035623	0.0665691461	-0.0914067533	0.0614188607	0.0	0.0798876773246632	-0.0895267192281465	0.1963359365150552	0.0055512344296871	0.0030317084245217	0.0038441323557121	0.1052278369105655	-0.4815113152580973	-0.2467585635739256	0.3040056327476594	1.1979409596761297	-1.1699573537212498	-0.1575916715245076	1.470813826487846	0.1975173067354996	0.1630269298057619	-0.1005151494111183	1.0679368065699262	0.2955685239812939	-0.0715024103689918	0.2077580097172525	-1.929426967173348	-1.957084349678425	0.4991213659045376	-0.6249594548497248	1.137875750423776	-0.8967284655619063	-0.0214252652405845	0.9833399404536316	0.364570822169296	0.4670892454532975	0.9495692933132714	0.7270512261905053	0.5877115674997507	-1.2833460582187088	0.0911370423036439	0.2107219903092716	-0.7939274819137356	-0.5814597855232745	-0.8477365470102023	-1.029410514291578	-0.0214023584908713	-0.4076731175130512	-0.6897300779544726	-0.4471757349676974	-0.9145748593273332	0.2824242247303305	-0.5231423066421473	-0.4547373661230438	0.3156013786217062	0.3606415121868626
0.1012130357	0.0883335796	-0.035453015	0.002121599	-0.0570516451	-0.0125833194	-0.0648968387	0.000601222	0.0640437928	-0.0914699679	0.0657386716	0.0	0.0727877999987782	-0.078407855227752	0.1822911423777071	0.0050322058647871	0.0034956857288619	0.003635245632789	0.0918581650717926	-0.0626811115757993	0.4231041077947093	-0.5921492723180092	0.4318870761654152	-0.6193157571549252	-1.131078760894905	1.588215476168365	-0.6680277071146166	-0.6236050498564708	1.4881994186831675	0.6879470141253956	-0.3729301623310482	-0.0630996138650276	-0.3205973311283882	0.9205870353984916	0.4668843010444274	-0.1988455852424438	-1.1965226695181803	1.304070282624478	-0.2245926063410634	0.0102220616439167	-1.0673205385982991	-0.9710878753470112	0.6150566245580852	0.5954189718825278	2.0767024585358103	1.3079738673436176	0.192587827666107	0.2220694406910837	0.4967405120563032	-1.484661685152894	-1.2500296860502251	-1.0122016229538386	0.6478741865291991	-0.2997352510144764	-0.4232864563625204	0.3643465282936716	-0.3939375024867722	0.9995025838621104	1.195581318275626	0.0199684949586563	-0.0800910429371585	0.0392479591110418	-0.5351267255392806
-0.0757042753	0.1129485361	-0.0058684048	-0.024745907	-0.0417886199	0.0509423934	-0.0657386716	0.0030055908	0.0614188607	-0.0912803678	0.0697746196	0.0	0.0853371434615581	-0.1215733474112141	0.1557436691003175	0.0062169409470146	0.0031302327621747	0.0039218270399767	0.1741007817287516	-0.0380399998757218	-0.1462394501865778	0.3031292412267897	1.3605252015681562	0.7595083685047548	1.3339458349421722	0.9220295007189988	-0.0415241731679449	0.1363067975781472	-0.2297477298102677	1.259055684912511	0.1349249514236074	-0.1799095192870408	0.1846661938168083	0.2158288709010954	-0.0888454270155211	0.330033491061666	-1.6369736053593784	-1.0537894122326537	-0.1797066024114964	-0.1011932433380046	-0.8746549072165202	-1.0712152774006862	0.884206915962537	0.3021050837441987	1.761640618872369	0.6234296377941846	0.0445623575952258	0.0139138555335489	0.1632633053974433	-1.1419303488225507	-0.20155224708757	-0.4976858775490676	0.1479330615266649	0.0171471356238019	0.3101214242728208	-0.4336916849017342	0.5082857900779131	0.7073238203116535	0.1844765012551857	0.9388290470731436	0.0876174920982371	0.2747037927632803	-0.6947084193183243
-0.0086676672	0.043599974	0.0581721398	0.0273899352	0.0121346499	0.0541291643	-0.0665691461	0.0054078825	0.0586984312	-0.0908384769	0.0735092774	0.0	0.0852261697959306	-0.1288938521336575	0.1826081054904449	0.0063688227922477	0.0037044105147825	0.0041922681621812	0.0841209507804682	-0.310731860203964	-0.5247616767244226	0.5956576466304131	1.334494866049068	-0.8194943384574872	-0.5463650531651888	-0.011220030880593	0.5171248420878615	0.2068819374375357	-0.0416320627439376	1.737191888730519	-1.097601121578876	0.0581258009357712	0.0288198295348964	0.2149515911616877	-0.945105037860382	0.3742450232826501	-1.9010315030835885	-0.9735810771946856	-0.649813633684464	-0.8731925837052963	1.5724371359539997	-1.1847173058540672	0.8196468576546819	0.0269115964603081	-0.1188712252633859	0.9558755992223262	-0.217811826696098	-0.5324242796892332	-0.0232358536212631	-0.8069102175231819	-0.0537237977537294	0.8454880135829586	-0.6638493432021078	-0.0533810583250645	0.2403752115000366	0.11623224876555	0.4044904085823713	-0.8329717417517618	-0.6116652674513025	0.0254929541915131	-0.7686781750305192	0.5434014779050385	0.1751621134846755
0.0875417044	0.0256001151	0.0301268028	-0.0475635755	-0.0465615607	0.0721377874	-0.0673881186	0.0078064368	0.055886734	-0.0901455167	0.0769265184	0.0	0.0879013243202848	-0.0911392555959196	0.2036960334153263	0.0053728859898661	0.0038512759496631	0.0039912043592142	0.1287109809984335	0.0080906628917762	-0.0950401044630965	0.0055932636853731	0.6189632796393503	0.3593551158109213	-0.995472860987236	-1.0105472231825816	-0.2875124468500901	-1.236728830233757	0.025104555032001	1.437118921945275	-0.5351903038975975	0.0732847646788766	-0.0967237508635856	0.1232811022755771	0.1817034265531464	0.056858430561619	-1.7513136674774508	1.0281614439092055	0.3442721960404249	-0.1942184286311382	0.0492833889860125	0.1690025160655263	0.9560395092084945	0.0316521834988402	0.4763076394289759	1.322210402991979	-0.1050563690170279	0.1735079304328831	0.0601662958140229	-0.5440906056684268	0.2160575248284428	0.3799936137251017	-0.7051644681148415	-0.4281003687329332	-0.1346106744689782	0.2200351745594964	0.8161193367149747	-1.3168018974997462	0.1443347591192294	-0.6108957081860507	-0.2312746418526035	0.7026063210582518	0.5524583344990878
-0.0702149801	0.0273153431	0.0429996414	-0.0419193152	-0.0155857547	0.0115724622	-0.0681954477	0.010199596	0.052988141	-0.0892034024	0.080011587	0.0	0.0851907463094079	-0.109985112473069	0.1561076789544841	0.0062551752365845	0.0036079093845495	0.0041087806895601	0.1313063964577635	-0.0862601728502846	-0.223607116757952	0.6932666161303674	1.5455920625010064	-0.8764600315385783	1.1549918114034707	-1.6170093923666786	-1.095445507153489	0.211646494915114	-0.3301809295433631	1.5770634707158429	0.3360269365085327	-0.1080415545984853	0.6920674553936262	-0.3578525663187323	0.1074529304022555	-0.2593933401101341	-1.0925883950875068	-0.5400926222654382	-0.1909296516265993	-0.1385107600085616	-0.5264999671971295	0.6076729315399646	1.0835042360393905	-0.0537929243623462	0.4727894681420324	0.6065838042800102	0.7656914987520949	-0.3245912419866592	-0.1988626686912005	-0.320102279180861	1.0730768634655656	0.0139061365942226	-0.2193090628339858	-0.0356129266077168	-0.2650018372160664	-0.1595987432322221	-0.4369113932784551	-0.0513038902694407	0.6426659147502742	0.3985499874279964	0.6560263685760445	0.7793306393757118	-0.2135767802383276
0.0204352841	0.016211689	0.1389211113	0.026273851	0.0515605294	0.030290316	-0.0689909938	0.0125857064	0.0500071591	-0.088014738	0.0827511615	0.0	0.0878665229062676	-0.0913496365347725	0.2114579812856334	0.0059722644402062	0.0034348926758425	0.0039658056891357	0.1066066801417905	-0.3385966901009355	-0.4584583384285453	0.3622234999050452	1.2032169249957505	-0.1387717964900336	-0.6201533717824941	-1.73565133505729	0.1372410698691293	-0.1678927686109523	0.3815242288200648	1.5150966339052174	0.2483015418917319	0.1018751318295604	0.6201117068885065	-1.584568401741446	-0.638198721347213	0.0653005011201213	-0.6529902362497394	0.0995208441458603	-0.1362301017405997	1.148194035518434	0.2405674256007007	1.61012566583203	1.2427825856098185	0.0600448717176021	-1.0130803482334805	0.8113656831868427	-1.0070466927819912	0.6874730821351529	-0.05695527084306	-0.6171139839274169	-0.2742550614182074	-0.6432702244586419	-0.957307633832077	-0.0072879623987546	-0.1151873989332152	0.7067097797641751	0.0349795300673722	-0.7854491930412083	-0.6713761547816951	-0.8035212427258142	0.006602060802718	0.0967525813054757	0.3579848428003045
0.0822325163	-0.0057132231	0.0457296727	-0.0318898441	-0.0786500078	-0.0365348764	-0.0697746196	0.0149631188	0.0469484232	-0.0865828087	0.0851334125	0.0	0.0852207145350973	-0.1023324623211436	0.1960830748727176	0.0062170859825205	0.0033227113747995	0.003912228503992	0.0495325419955071	-0.1780373344493308	0.3603788405803302	-0.4697765742038374	0.8323120592753559	0.614535369095133	-1.0258114414399602	-1.8207787651530511	-0.4055235902472577	-0.1440630517756681	1.1024979420672731	1.0791832467185685	1.2349756711962292	0.1361782932190395	0.2326163517863144	0.8259870772503296	0.6862513706878174	-0.6541127439545609	-0.5836270198431978	1.980033058506758	-0.215033779109478	0.4326558320801703	-0.9589894729472452	0.8753708351224427	1.2518858416888152	0.0295397291338727	0.4600176989949226	1.1043115821383809	0.3286108962928475	1.155078477346553	0.1426032154028416	-0.8085917314158625	-1.0180408033945614	0.1162492341469835	0.2961108062729471	-0.1570164240975742	-0.1913262632162414	0.1831551232086429	0.3783413890648237	-0.0809089112965624	1.0868478603919864	0.7627340258660441	1.1215325315572384	-1.1654859586943085	-1.2005708845422318
-0.0789356837	0.0177974648	0.0461737944	-0.0542233303	-0.0223403564	0.0794135771	-0.0705461896	0.0173301903	0.0438166893	-0.0849115724	0.0871480531	0.0	0.0872979636083499	-0.1239895346079578	0.2069413466910248	0.006864154042799	0.0038383040414795	0.0041469054347272	0.104459476063059	-0.1687598207254577	-0.5241222770613165	0.4659516084732656	1.446763774594013	-0.2289589166705573	1.4553810330323629	-1.670948977353154	-0.7529863412273109	0.0488342417488858	0.1589707496676562	1.9365883128734347	-0.6687489530361829	0.0850683167790809	0.6473884231004335	0.8334570925933101	-0.4667984214792198	0.7745766910083512	-0.8657059981566201	-0.316971479076222	-1.3118987246787497	-0.1940475282709229	-1.4251778597140536	0.8515134711386375	1.1448837770869749	-0.0110190472946265	-0.5977849074076177	0.7697308660914438	-0.720331644608876	0.1976270448970946	-0.2429582285511726	-0.2712500316975109	0.3982373702103151	-0.36734820761853	-0.1854239957364259	0.0898504061308606	0.1238329939717198	-0.4567963992242048	0.4873162902002136	-0.1955262037043743	-0.6461175220092139	0.5317964155183219	0.3681089304156445	-0.1383195995329179	-0.0714821396492281
0.0849595479	-0.0211570589	0.0607118537	-0.0200631705	0.0117972721	0.0613347776	-0.0713055705	0.0196852849	0.0406168267	-0.0830056482	0.0887863842	0.0	0.085076170791126	-0.0711993002550173	0.2245200869347314	0.0062350272830721	0.0026452399695697	0.0034327975334321	0.199405704060461	-0.062226310868076	0.2434199088885286	0.0257647531744896	0.9427498152131693	0.000276359552644	-0.8546775784854205	-1.756900779221487	-1.2314646714370634	-0.886966074334489	1.25790462585222	0.4502512166671215	-0.7789627125844275	0.0311116434504429	0.4161192455534021	-0.858222405355719	-0.2551072252669903	-0.7318660488360671	-0.5872239525286687	0.1384006888731645	0.8574568419447545	0.7348573354523091	-0.7422233508820457	1.2430840947472483	1.2389751014467965	-0.0023522217362989	1.1164502032897692	0.8372742316719615	0.7413837194163719	0.7605179357167454	-0.1819154715492231	-0.102434058627481	-1.4728172856343535	0.0488698666136278	-1.2269903527517396	0.0192944312682154	-1.2545627344879065	1.0622151266365234	0.4355609118503258	0.47014992545997	-0.8473005919416452	-0.846497324593514	-0.9539876295425926	-1.015128516278354	-0.2891220437059222
-0.0502274504	-0.0280104174	0.0432201529	-0.0651051369	-0.047207927	0.0374689762	-0.0720526312	0.0220267751	0.0373538109	-0.0808703038	0.0900413312	0.0	0.0851874473157892	-0.1269560618138001	0.1753818838833183	0.0062449426852907	0.0030361254118833	0.0037090688862009	0.138859850999909	0.2380178376872475	0.2110137307928127	0.1408500750505135	1.1377931468378215	-0.0100470718279623	1.150244933776818	-1.7839782969521725	-0.057088165247788	1.3129412262759577	0.2830100133991308	1.0657142872965737	0.3612251832380834	-0.0017993809012216	0.3266334820079243	-1.165475762513466	-1.4562559128084502	0.2669521226564967	-0.0327483366206812	-0.2744851117724531	-0.1691750427254155	-0.6562746674538732	-0.172801212477754	0.4443461449384541	1.302214947296575	-0.1901177904656105	0.5430089100381096	0.8111391160311294	1.365864230317116	0.2797751650254977	0.0868857688196416	0.0728140010811381	-0.3135730414463438	0.4421562338124826	-0.1196473723428943	-0.076112435956977	-0.7246238347373795	-0.3484410021854308	-0.7657557760692939	1.289185100901807	0.9495214543051484	0.71290022900707	0.4833733204986678	0.4634563479615766	-0.2334212289239485
-0.0251229943	-0.0648525518	0.0775807575	0.0398908369	-0.0236134094	-0.0392682434	-0.0727872424	0.0243530426	0.0340327152	-0.0785114412	0.0909074754	0.0	0.0850037084096868	-0.127298715932639	0.1873481614922525	0.006516136698603	0.003385967980326	0.0038100327549236	0.0485926931577605	-0.1904813276317416	-0.8223567944626967	0.3623091363273896	1.2681609405450074	-1.2941888831492203	-0.2812474189974817	-1.6027353490417555	0.0261331153011701	0.7500046015163792	-0.986589921207762	1.918267618288178	-0.5257719768729658	-0.0684017334469705	0.5250270779344816	-0.5205093913573419	-1.3821712287912384	0.1623243804421941	0.3777799372737799	-0.0445548526830024	-1.1503021458056713	-0.2451053265708501	0.0349208008763757	-0.2559048950145767	1.2648251766623215	-0.2259647370783499	-0.8885812315135583	1.0348678601853007	-0.5529452381585117	-0.649696543418279	0.0712973191016098	-0.7910675023232548	0.7070072690129827	0.8204304004516202	-0.1794133604915258	-0.0152515073494965	-0.1919814559211884	-0.4747637923956954	-0.6382835791776532	1.0198081305196038	-0.628501603983783	0.338308630019547	0.3477013097023969	0.1471578627084799	-0.4617557401857435
0.0622912722	-0.0665953858	0.0582091673	-0.0196664699	-0.0198253874	-0.0171836777	-0.0735092774	0.0266624798	0.0306587036	-0.07593558	0.0913810765	0.0	0.0796824148439441	-0.0568490874468921	0.2231358900925073	0.0058990714162531	0.0033979552058007	0.0035290246111362	0.1570616832323443	-0.0425979387153512	0.2728094681180576	0.2599782074090106	0.397176734894853	1.3545582008616726	-0.8941317886987274	-1.4563463423281022	-0.1366814193495351	-0.729275490318332	-0.0637985278166047	1.1409099314401263	-0.2548862895531073	-0.0464100382697501	0.0280215958243428	-0.9116896654848008	0.0546547553149376	0.189797131884533	0.7323582353556832	0.700896073264808	0.60867568929628	0.1723080535134376	-0.8526488786024821	-0.7278880630495835	1.4292152260101942	-0.3008523831664218	0.7520966049776229	1.432654507411071	0.4355802480398226	0.1011635457624529	0.0500102900265763	-1.5080694306203817	-0.7993201091015976	0.6471130669104698	-0.1993773542291489	-0.3249980629801792	-0.7844965290873951	-0.3923243336163601	-0.5720633156095598	0.0758684267536993	0.3764840519656234	-0.5315530968964068	-0.1963876473840906	-0.4906760393033375	0.3262551995819374
-0.0263036204	-0.0846070454	0.0073327825	-0.064934529	-0.0844817241	-0.0174149467	-0.0742186113	0.0289534907	0.0272370221	-0.0731498398	0.0914600897	0.0	0.0882630896808223	-0.1295095045925336	0.1524783478291453	0.0065649257856534	0.003472662242538	0.0038401640284863	0.2044836754202667	0.0959338295687974	0.1146504787569002	-0.1031547607037543	1.0420651874589335	0.0028518020645051	0.4827066810271558	-1.4105392444539755	0.0685298776753909	0.5793979647437331	0.6118313095260156	1.9457349338950285	0.3614471371587593	-0.1194119437417715	0.578120379863022	1.6759707020128636	0.7999770683451274	-0.6494148960523127	0.9245881377065602	-0.2757443355342567	0.239209269224432	-0.1039517493708849	-0.7223187905936164	-0.9716431582197578	1.2593557795190813	-0.5365847571153929	0.0418773720760418	1.1719315044274208	1.4073882185386846	-0.6540273007618763	0.8487226924038463	-0.5948090600628967	0.6830675334274485	1.5675574290359158	0.6904967650117199	-0.1292992241915005	-0.2026469259596189	-0.5145033198302082	-0.8465265811158657	1.0520922985879957	2.0344981810229186	1.2215113377098803	1.4487684484072822	-0.2700731684822046	-1.0275310771010016
-0.0732819362	-0.1096756695	0.0594146572	0.0002008831	-0.0287670915	0.0199142514	-0.0749151215	0.0312244919	0.0237729909	-0.07016192	0.0911441736	0.0	0.0850747084367213	-0.1082366287328397	0.1919111942037119	0.0064060380183659	0.0037802227437593	0.0042634628288861	0.1083814569237915	-0.1259534157824385	-0.3003598757992732	0.2779182963425074	1.1943807849839023	-0.3643114605062545	0.7705070068071644	-1.2544082829083003	0.4120522780196397	0.5073102395322205	-1.0866901744018878	2.333986550103698	-1.9637779996594056	0.0092288431094967	0.3332268266786709	0.1824425238773786	-0.3568643821001005	0.387926694998657	1.1713084285462592	-0.0695182924430295	-0.7780233365612195	-0.4158322278932089	0.394194146403569	-0.6463910098380014	1.1248377419767417	-0.8022592263864371	-1.1755522163983094	0.9785938655858374	-1.6035301226067626	-0.7616749120116839	-0.0707217379483903	-1.1312704887051648	-0.746033650474942	-0.1529490259498437	-0.5083622823733189	-0.1699230812299018	0.1649135425684295	-0.3571413940539445	-0.6655000866375197	-0.5726893682128792	-0.7323121175621519	-0.1821933893109548	-1.0627401600655615	0.6327747768224489	0.9802704493514546
0.0744780592	-0.1324527631	0.0026074214	0.0093906811	-0.0512146331	-0.0198508632	-0.0755986879	0.033473914	0.0202719962	-0.0669800789	0.0904346925	0.0	0.089824431081098	-0.0894553976173284	0.2034315744759283	0.0052662741221671	0.0036291191392552	0.004014994636528	0.1120181186851544	0.0010579404326441	-0.1163430674568936	-0.1672738870918977	0.6721539931224729	-0.6249299652260508	-1.2609026320566925	-0.748343663591698	-0.1535697576292205	-0.7936312250919327	0.9082896667970416	1.6363494117969104	-0.5362160757037294	-0.089200783963264	-0.3345383656431696	-0.1831449400549307	-0.7385627074607969	-0.6345709414441882	1.3776335459369675	0.9973082955339077	0.694784001781817	0.0726598880599636	-0.3907687675913766	-0.7922817081655332	0.9892798857286246	-1.2048155570993064	-0.4270390292489904	1.303323008802488	1.1830749046089564	-0.1117087486312726	-0.0556600214269552	-0.7407808208883453	-0.6662656659766315	-0.0317488833912235	-0.4609674918351495	-0.4247056333970941	-0.0544767177795501	0.1665090338021061	-0.2092762811722203	-1.2272231768361197	0.3567295199378032	-0.9412353893334248	-1.2633781025207875	-0.1835451995229192	0.4533373649276798
-0.0793128198	-0.1075397732	-0.0308678514	0.0037953559	0.0149481238	0.013613202	-0.0762691921	0.0357002023	0.0167394815	-0.063613111	0.0893347099	0.0	0.0930795496654468	-0.1205459063760798	0.1592706823476959	0.0057196573131215	0.003876995535244	0.0043479791402993	0.1302187240070576	0.2370795035238824	-0.4279633147441434	0.9780719958247224	1.4781335975962004	-1.1413896179360683	1.1329343778692071	-0.442085314105533	-0.4560428322579046	0.2550829914826523	-0.1923706872937553	1.6076743794535278	-0.4801441168978026	0.0995669462210879	0.556988851662907	0.3848681834361648	1.3495519015507382	0.1032491331384177	1.2973890971943502	-0.3575970827105176	-0.5253460698292407	-0.181320383093843	-0.3813828602066836	-0.8173427991182131	0.6083936786690887	-1.519390893744704	-0.3942152550191246	0.5528359950570283	-0.629736545821016	-0.1984004141644424	-0.2278124711901821	-1.0423918667801668	1.257758116542231	-0.7584263815630078	0.0549424813919042	-0.2201966985723352	0.0639647858748774	-0.0192822205268264	-0.0471877397574139	0.0792445095054376	-1.3028949966440744	-0.0924297830266253	-0.0997758747098384	0.0251533526293519	0.1258538546579587
0.0579141167	-0.100171689	0.043954201	0.0641887172	0.0246159208	0.0349926478	-0.0769265184	0.0379018183	0.0131809392	-0.0600703222	0.0878489756	0.0	0.0802362089006862	-0.054560828222975	0.2148456479333589	0.0047011574988499	0.0036700218161598	0.0040299200143056	0.2115800174710033	-0.3958848165457487	-0.2787351416275582	-0.25034055144653	0.6446265472103305	0.2398031730354416	-1.071591188454837	-0.3289254317959586	0.4148172235972945	-1.4108280446523005	0.8572496517228728	1.0070761053308	0.4126442865691204	-0.1050022586548226	0.0280293810952249	-0.1654311872395121	0.2496227334412354	-0.0965046426064559	1.334436868917688	-0.1405008159429971	1.094054585464852	1.0396297958578498	-0.2496894394449862	-0.7160430553936872	0.5111830654724288	-1.6345794615439966	-0.4792289762411844	1.2214800302585742	0.0635091777892098	0.7009498116739443	0.59407323346715	-1.3650286392956468	-0.2414906848084885	-1.3019716185039627	-0.5817609624712827	-0.576944610066752	-0.4720485129677798	-0.6628991918721031	1.2012356156887942	-1.6080896008669887	-0.5893486696428273	-1.2348099674229278	-0.9776811247445222	-0.8266136726853214	0.1739184572062437
-6.9855e-06	-0.1089127076	-0.0435984242	-0.0180010561	-0.0322000288	-0.0508079703	-0.0775705533	0.0400772406	0.0096019025	-0.0563615044	0.0859839051	0.0	0.0870923457829917	-0.1279812340037551	0.1736349597580613	0.0060020676724346	0.0034836263165478	0.0040246031341279	0.1961183585071032	0.1776789864849901	0.2756715654671806	0.043184344647796	1.0623064520891476	0.4242524422270612	-0.1192711747806115	-0.1450943646669816	-0.2825873708335973	0.188920520675587	1.060243879275085	1.3861620108400958	1.2317437865299783	0.0273977734825653	0.3625548295489161	0.8381029624310243	1.552410896983729	0.125594562908314	1.298978611896315	-0.0537124648716009	-0.0377364283562522	-1.1147641237739934	-0.2282526446045751	-0.8751886893543273	0.1584275409717796	-1.7983422717118935	0.6862821729214276	1.0278749401424498	0.2323958411214301	0.520064601094767	0.3871182428968235	-1.6052034504188828	0.2782610688551326	0.0322933383300276	0.8379969565251448	-0.3087425330115064	0.1721544363314033	-0.4378273858960049	-0.2190847530281726	0.9961769512463328	1.7902501715570571	0.9273104011998922	1.3264247308792518	-0.4006683521166106	-1.2074746857003926
-0.0501126965	-0.1124127032	-0.0021378474	0.0448956871	0.0216080269	-0.0175961859	-0.0782011853	0.0422249655	0.0060079362	-0.0524969085	0.0837475519	0.0	0.0889372580263483	-0.1162019733264969	0.1901355554914374	0.0063918286165397	0.0039741843837619	0.0044163722566471	0.0937291753459109	-0.3042883799370279	-0.5195093316244992	0.6131485421372426	1.2403873201230085	-0.5385563084643167	0.560310234913872	-0.0999611856973088	-0.9817267635418424	-0.3306836327279508	-1.285481145932454	2.0799373831050847	-0.0922809139458845	0.0531115512113961	0.2937700239711211	0.3362243552970723	0.7707070797345457	0.1640753749283306	0.9099389230634496	0.3577176957173413	-1.2967510559049793	-0.5582304010545464	0.211803998344322	0.7346083408287241	-0.4498983012705368	-1.7807507159360207	-1.3408217218299203	1.1150586356819208	-0.6586140018796675	-0.1897995875952975	-0.2888884759845077	-0.5161924707712201	0.3138921534702728	0.14628148041625	0.0948782190429546	-0.3645852813319506	0.0608930836245977	-0.2949187272832062	1.0185161946082553	0.4688739176675527	-1.948813696203341	-0.1470451155932257	0.0550413948638268	-0.689014313602046	0.1564563940358341
0.0461443906	-0.0846358702	-0.0363913444	0.0322479604	0.0846861339	0.0144786844	-0.0788183057	0.0443435089	0.0024046285	-0.0484872159	0.0811495725	0.0	0.0779302178661254	-0.0593764591132242	0.2321792149266457	0.0056070894968978	0.0030620507744911	0.0035709592698601	0.2369904995936889	0.1783108341607369	-0.4267865273791744	0.2480860304909956	0.8360803629765794	-0.9991575001494472	-0.6148708525247397	-0.1305918249268187	-1.1392314431157076	-1.4108098137644631	-0.1596198917871098	1.0729293406664384	-0.3018398403207176	-0.4159457787828911	0.2964264176163737	-0.883337353504813	-0.36643839009676	0.3247887723092252	0.6694173250354386	0.1849981566485593	1.4254899024279497	0.7684721498282322	-0.960097008898748	0.7200962832782413	-1.096324264789142	-1.3595822924187653	-0.5090930411396825	0.9863375556374784	-0.1092433229049601	0.8575023066109804	0.0324236265843357	-0.6071556755162577	-1.2890381043854604	0.6393359117125338	-1.1864846690024158	-0.3332589694159066	-0.8123860083202467	0.408822054370047	0.3096997803747726	-0.1641970440372158	0.1138355710246461	-1.24743256358746	-0.8014821782943116	-0.450695954889769	0.4880984046961828
-0.0251066692	-0.0787596842	-0.0694393087	0.0489630455	-0.0144465611	-0.0401859398	-0.0794218076	0.0464314067	-0.0012024181	-0.0443435089	0.0782011853	0.0	0.0774959859642336	-0.1178315562718381	0.1905837098396148	0.0062790080818675	0.0033658126584936	0.0039059947612715	0.1660206321667166	-0.0916599632691981	0.2677644604632153	-0.6769749195250959	1.139295401199292	-0.366756925899334	0.3606263955195936	-0.1556601188328882	-0.6758732075846032	0.7248909174892839	0.5391059428028127	1.7044519982687116	0.1165298887523368	-0.2294683042743812	-0.003515220375897	0.3520439021123213	0.2577297334348843	-0.3479581805988764	0.6792105206879744	0.4380602983130154	0.2482619333229852	-0.5662601094469215	-0.6047352568403997	0.3479925811298628	-1.3236210270100954	-1.1814192376328627	0.6527720492227759	1.059723834751344	0.7469573776531973	0.0829432128445765	-0.3267190750076409	-0.8522913993591575	-0.7150986059717479	0.1545155290579868	0.401688844801433	-0.3054530284171813	-0.0594854251752939	-0.6625634635749285	-0.4796058774479142	0.9710438503345544	1.0881180283548002	0.5919905339534886	0.3463280281844316	0.0075969576406866	-0.4933475581256322
-0.0580995843	-0.0584311015	-0.0708309678	0.063256988	0.0044719675	-0.0985931393	-0.080011587	0.0484872159	-0.0048075951	-0.0400772406	0.0749151215	0.0	0.0841067390158656	-0.1176739018516457	0.1622576158672188	0.0066169809852214	0.003819140548499	0.004252941462634	0.0920068761803104	-0.0307876290220543	-0.391823920098926	0.8212888055745228	1.3702598959396897	0.0102906153644054	0.2413706454155098	-0.2162176310492994	0.093214774896123	0.9170636941938785	-1.5065940853296984	2.0982297224559283	-0.2060983432496622	-0.1425710016950546	0.2791976471212782	0.4735412952282272	0.2515306986466117	1.062557049400081	0.4501791539043447	0.1443157219393203	-1.15765715051177	-0.2172163666125579	-0.3496045031743387	0.2593024890400598	-1.4905058277145051	-0.881651681957373	0.2434976619263363	0.9833010030620566	-0.8435237458214357	-0.5501770782205712	-1.0937574623728408	-2.0117535942577995	0.1078474814499917	-0.0824533087776224	0.3582275702145538	-0.1852472100225354	0.1772787897372431	-0.6505410554507034	-0.377785876585856	0.66538801851757	-0.7381291864721267	0.5170824003779224	-0.0816626074726018	0.7657773025010495	0.0134809581197287
0.0323090852	-0.0464458952	-0.0223932273	0.0955179058	0.056889323	-0.0587289962	-0.0805875418	0.0505095157	-0.008405297	-0.0357002023	0.0713055705	0.0	0.0782363664534671	-0.0749485188618734	0.2307808515337797	0.005139798737773	0.0037549889415484	0.0038684038222657	0.2134125659570967	-0.4711362393374397	-0.1052597458098634	-0.3352530190501943	0.6983827450937347	-0.2874426272244821	-1.1246865504690833	-0.2949553327255353	0.1572040075870611	-0.4787744002397188	0.2979181456851094	1.4970122909630097	-0.4300277034847283	-0.1056003831645406	0.4213719008109086	-0.947285934290908	-0.9059451075673004	0.2281472341975381	0.5977892271942368	-0.9498623837829012	-0.0370501719775074	0.5209289412097943	0.5703336000546194	-0.6975736158375794	-1.5245409163414183	-0.0643635069632682	0.3022992597042584	1.5579165595995368	1.5280666804205825	-0.1894592071031135	0.6045248299018817	-1.6574579277166894	-0.8304336372739775	0.0732213443790619	-0.7405062481741012	-0.5272244672678899	-0.4825725025715304	-0.6193247904274893	-1.0100375554789591	-0.5677148271312362	-0.1134053523894248	-1.03470109703927	-0.7020088148064574	-0.0190288946824321	-0.059032452542397
0.0156231261	-0.0482711303	-0.1093935334	0.0045440999	-0.0174304576	-0.0139018587	-0.0811495725	0.0524969085	-0.0119899299	-0.0312244919	0.0673881186	0.0	0.077819764933622	-0.1185460832547136	0.1969989334275794	0.006123026298874	0.0039066960756448	0.0041261061633154	0.1474279358312406	0.1723173757220303	-0.0384937462620611	0.129906095157575	1.0189004498557703	0.0745932458936114	-0.3668215822447603	-0.0673938748590568	-0.1721267287030842	0.3411975608445961	1.0627417628622635	1.933950491370246	0.1640458697644935	0.0988445887060718	0.3251228280735573	0.3996879570581986	0.836015481221396	0.2272676308540172	0.4822586280369422	0.9550247187383918	-0.3195949557004948	0.0366978527167233	-0.5446225734035528	-1.2225193144302358	-1.4705856087534814	0.2025241185480216	0.3554637858846546	1.2125012201962173	0.4457941192050982	0.0368678660411037	-0.4279023263015861	-1.50008654853355	-0.067861860486245	1.4934617201393308	0.2501091235573258	-0.450005389561119	0.4991366941636085	-0.8310669655905046	-0.2733762947728569	0.1179937263767462	0.416446981271226	0.4807575299816674	0.0841645350242245	-0.381290727842287	-0.7043503041172705
-0.0692194047	-0.0219132734	-0.0555810262	0.0802901487	0.0103956708	0.0234073377	-0.0816975821	0.0544480209	-0.0155559202	-0.0266624798	0.0631796814	0.0	0.0780625986125755	-0.1012980538295096	0.1968107892458732	0.0057992848009705	0.0037615771129564	0.0041456552678921	0.0420994855442936	-0.5225219177037006	-0.2093602876688539	-0.0891514311141134	1.419903756332167	-0.7172071463933801	0.6477132780980526	0.1290259469055117	-0.2196320252795718	0.2631099067801512	-1.0229258528024927	1.7943846322214565	-0.7118387686086265	-0.1907178932526738	0.9906868741802938	-0.2913946707527014	-1.0142527048199397	-0.5846840554972179	0.6286408230039631	-0.3166694309994962	-0.7223612386982821	-0.1610614282679429	0.457195261483334	-1.855962676062232	-1.290063647545344	0.8514409192786477	0.2571565651970576	1.09430318896282	-0.0093300192573225	-0.6291239490481294	-0.4872248640652478	-0.7802944638240559	-0.2308113555836508	-0.253672558273687	-0.0607465556354624	-0.4367798291703776	-0.0017686970289206	-0.3618797886149003	-0.5111626857805697	-0.5269336055984918	-0.2170430382748871	-0.4853749643061992	-0.5062010392124658	0.1565211597318738	0.1647183488881498
0.0753430012	0.0057819195	-0.0655274911	0.0108826702	0.0178098998	0.053949041	-0.0822314759	0.0563615044	-0.0190977232	-0.0220267751	0.0586984312	0.0	0.0807735492688124	-0.0566890369546086	0.2365662157184971	0.0055960462142413	0.0034129143984664	0.0035279957123269	0.1455534368429817	0.2541299755292566	-0.4208795768292637	0.2537716306385886	0.7079780209846556	-2.092994237916217	-0.6364129117574431	0.7496120869179373	-1.083164949705452	-1.5874755503360398	0.4747289596183584	0.8680517839268397	0.2426958470462298	-0.2954803260908058	-0.1608690752201348	-1.1422789934945776	-1.2499366733776809	0.4321662602710461	0.4453444549058958	0.9544813145023832	0.2862453513972162	-0.3599423805440019	-0.1048152739598388	-0.9591474574436444	-0.7444562945236052	1.228923384421887	-0.409308386433999	0.912763725139962	-0.3993059272965999	1.0138519673563904	-0.6568863397269924	0.1911761561831483	-0.8747239585662956	0.2299414382252632	-1.1067274460163856	-0.2723572532227158	-1.0365600360930916	0.3895591739586436	-0.6432965778778807	-0.1340243263807371	0.8146813034876614	-0.8541503551568589	0.2061892692555933	0.6286286194908629	1.1138131618762943
-0.0691391711	0.0342262774	-0.0489874297	0.0159343157	-0.0354382186	-0.0006902501	-0.0827511615	0.0582360367	-0.0226098321	-0.0173301903	0.0539637182	0.0	0.0855050514930582	-0.1269304835562081	0.1829386208953849	0.0057555078733478	0.003513118253372	0.0040199464075755	0.1661813541119925	-0.5474703421267262	0.2470473514151982	-0.150281785415559	1.478452418169694	0.7084972496208106	0.797277212743968	1.0481069760228514	-0.3893429248290815	0.4685160903377267	-1.166191851644707	2.104381316574896	1.54133439033047	-0.2303699648094479	-0.0484133854600345	0.5255618892296098	1.492583124331782	-1.127803896987719	0.1281480838950624	-0.1071783043104143	0.4425875034580267	-0.012549527825591	0.0672246052179001	0.9735641230416124	-0.3312082308643471	1.4049815357279554	-0.9751483006071566	1.134828292050815	1.4580046536148192	-0.3827047920868967	0.0459457745232488	-0.9482197592174856	0.5704997312728322	-0.4046632265517045	0.5121007222941892	-0.3005287392862373	0.2463647425036667	0.5298946029916494	0.4028036862301674	-0.5497716673619448	-0.0261443615052193	0.7880403209430343	0.4228644326795905	-0.2972665364981915	-1.050177889410422
-0.0262007483	0.0216537597	0.0358413671	0.0858032169	0.0280657785	-0.0557597595	-0.0832565493	0.0600703222	-0.0260867859	-0.0125857064	0.0489959873	0.0	0.086799895068836	-0.0947558619333932	0.2178071942230133	0.0056391021533302	0.0038878563209732	0.0043601035174217	0.109903083399471	0.3028415772917498	-0.0567295741322891	1.0688838621150567	1.2049539936750022	0.0505367264253789	-0.3093923488749833	1.299386577811097	0.3448370267837719	0.0224590979835363	1.1404737532639466	2.154191285409234	-0.9191367079285064	0.17089149520136	0.2018236349349716	-0.086042863927949	-0.7621906652917636	0.567296500070791	-0.0143485821865042	0.9591814589695974	-0.8243426711366139	-0.6922698711337291	0.3487578161481698	0.7417773397648474	0.0500544176379677	1.222938894505642	-0.6369541064747573	0.5811327886504025	-1.796121795200154	0.1271990899447447	-0.5484700124364991	-0.9485448695083684	0.6581052944740885	-0.3322891764719192	-0.1281959575732246	0.0048896635275758	0.0367879523313806	-0.8420070942679629	-1.0657259305786717	-3.338324247605522	-1.3726168654924775	-0.1409762075622306	-0.5564713218464725	0.1914679217184158	0.8005387851132149
0.0878352966	0.0547824326	-0.0469534804	0.0472969768	-0.0593899295	-0.0037864547	-0.0837475519	0.0618630933	-0.0295231785	-0.0078064368	0.0438166893	0.0	0.0890909799581152	-0.0709738816162115	0.2128584537533129	0.0051971421003847	0.0035691174670398	0.0038762739357267	0.0932482301048563	-1.1923137807269384	0.9630286740665834	-1.553383031593548	0.725252744420926	0.8169390121661324	-1.1897162820682918	1.5380665034230492	-0.4678907045095213	-0.3360006453003842	0.2911791255178492	1.5097283465125722	1.6294637088290058	-0.1717466321272046	-0.7196305578197542	0.1794381196684038	1.3429454459720085	-1.6272472960314257	-0.2964172052214253	0.363686810767452	0.8365699116355477	0.5160326241746471	0.3295407378095739	0.715084080833468	0.1004277045889332	1.387562773257655	-1.0600615580250994	2.0481929288954857	2.0663044251989287	-0.9854386785273884	1.0204519880174652	-1.4589904995056344	-0.7013791748731719	-0.950719177519206	0.2595204224762594	-0.8845574819067453	0.1965855603779614	0.7841946386540907	0.6098652122082007	1.0252252903394328	0.8563097831719267	-0.6299048357692532	0.109130568535403	-0.6757558576596522	-0.635244500712672
-0.0153112083	0.0205805262	0.0840743991	-0.5832487685	0.4451090255	-0.2505859772	-0.0842240844	0.063613111	-0.0329136668	-0.0030055908	0.0384481886	0.0	0.081311241813978	-0.1041814303526251	-0.04067650251298	-0.0007560238996859	1.5954390139460983e-05	0.0027660100309302	0.8253518922352157	14.089948690302815	0.6165541222203484	1.2465577206196183	0.0833200865711078	1.4668810353620465	1.0087249419744413	1.3218389273267648	0.5365748747738074	-0.3794268472335129	-0.2273954273074497	1.0945582425962137	0.8324266401311077	-0.4826125340677225	-1.5124836776929809	0.9253222860068172	-1.51184992858857	1.6907518898321925	-0.6647951297514733	0.3231113244655023	1.074878682979929	1.0042991268885544	-0.0146943803840773	0.0093169180278577	0.7283342549210732	1.043757896728888	1.9881877162699588	-0.6084149397445352	-0.9967155457328736	0.3880462076375582	1.7285444069830311	-1.011171045042779	-0.90364538728129	1.0700797036921683	2.928455711152018	-0.7206885603515879	0.1446280706004515	1.1418531901612727	-0.3891583556296859	-0.1227932470713101	1.046910194367858	-0.6913102980548532	3.3020004900624	-0.2111458626353755	1.1802416520095906
0.0100770237	0.1488929859	0.0485516087	-0.1992785972	0.213036949	-0.1730203583	-0.0846860645	0.0653191659	-0.0362529791	0.0018035623	0.0329136668	0.0	0.0461769148359536	-0.0682293859820362	-0.0203225030875842	-0.0021409541307856	0.0008009631830967	0.0023713624628549	0.219669700380621	2.793586341265732	-0.4696140648902137	2.4298657740057448	0.7492404041505553	3.4703127512880254	-1.346757792624911	0.9148906685593275	0.6544393098360552	-4.829641246805688	-0.6077904495191483	0.8365939931189198	2.2170020254595104	1.4229243844851964	2.3789312187129847	1.2608928694124977	2.518767173019131	3.886564647353885	-0.807591354261999	4.688171125105707	-2.429814797549619	0.9616380710449368	-1.3783214476314678	1.196378926183013	0.2103891662576036	1.0274890795365643	2.113416725104341	-4.0778522486815385	1.6858809910748749	1.4106189201952546	5.080667990802632	1.8087271995344167	-4.822461441541383	2.888935347008191	5.803290248503855	0.2656858813558092	-1.0734904692331482	-3.71488499865802	-1.079543035638718	1.9684988388940696	1.1780716203371009	-0.612063585803677	0.7193846440321914	1.7740298644318082	6.145426356421768
0.0469233576	0.1106700261	-0.0132089835	0.0854896647	0.0489620506	-0.0612867236	-0.0851334125	0.0669800789	-0.0395359232	0.0066077305	0.0272370221	0.0	0.0399228967246187	-0.008523996759294	0.0438389424704439	-0.0003556826683993	0.0015009866694195	0.0029072745569618	0.2811812050329052	-0.9181405296815214	0.1905483395828077	-3.351501203081147	0.3577125603150164	-0.1746935005429908	-1.3413408033379344	0.2810869320232034	0.7285498247929952	-3.569423878348704	-1.4901898279663195	0.61036054171696	-1.150866113061222	0.9158987643733152	-5.183978617948884	1.7413137841088018	0.9436908746159804	-1.712034389184634	0.0811260872437158	-1.2122422102871622	-0.9550157472694738	3.597426445988248	0.6044982669178555	-0.2332409394252434	-1.2075779376889186	0.8486675575613164	1.5707411359727503	-1.5412777137397426	4.213069691804987	1.2144674260014507	6.283019552166789	0.0865584197386679	-0.6300312535441865	0.3309739879256382	-0.318898557495105	-1.2194013470515914	-0.1800763277424197	0.5090101271415509	-0.0337559104985091	1.503933123351115	0.4842818468247369	-0.5775564296304527	1.82339091480549	-1.6689512049348816	0.4320751367988669
0.0247054518	-0.0174458405	-0.1364514498	-0.0591105286	-0.014046086	0.0141960354	-0.0855660509	0.0685947023	-0.0427573947	0.0113936355	0.0214427666	0.0	0.0326375972113481	-0.0515158203111809	0.0528712521879839	0.0010273107905112	0.0018529975805652	0.0029060557609884	0.1461205910841775	0.5069429802431192	0.6447538327788551	-0.3650744879467637	0.2845216751980954	0.8793101552317212	-0.13502920443445	-0.1669957824476268	-0.9357845218572158	-2.4662863132603423	1.870243999642918	1.1940062547360504	0.1793749754033559	0.740799541290739	-5.816532343823587	-0.992557247766666	0.7019888035448157	0.4339894332999847	0.406013630979901	-0.8667811862651872	-1.4787848799918293	2.916700543385647	-0.949957563415198	0.7566056856908852	-1.4314890948332664	-0.8251225126420242	1.4219129035336715	-1.3964702198539165	-3.538978161426803	1.5378793351214963	0.2221305804942634	0.0590606144787853	2.469009590683105	1.3691529100786846	1.842886137361221	-0.7662094527976949	0.1203748754063734	-1.2778157938083397	-0.1785037162498305	2.34737716113544	1.0108821307881442	-0.6039167247226543	0.7129518779934376	0.1301147941835163	-0.766722048283372
-0.0760107561	-0.0311766301	-0.1037176161	0.0161101933	-0.0059792574	0.0132957825	-0.0859839051	0.07016192	-0.0459123846	0.0161480496	0.0155559202	0.0	0.0253244657618267	-0.0781115025728524	0.1291466117881299	0.0016608668176996	0.0027829852853313	0.0029762026310913	0.1918687034142089	-0.8633557836629494	0.1344991732341638	0.2129346893996612	0.6129637522060557	0.8570695067843006	1.1930214829103307	-0.1123254606576469	-0.5219320377341256	-2.062324984991665	0.4482055930090376	0.8293334543408282	-1.7257883082330376	1.2748870751972428	-4.181066043827539	0.2280188407517898	-0.6687075041543512	-0.2638952544333137	0.540901610090534	-1.4968960573681431	-2.245531594493597	0.6990692020540832	1.0643616750366862	-0.0319781082597974	-1.3064499380217878	-0.7429146828214738	0.910032448175441	-0.7157537330510216	0.3697037517453159	-0.2723893003287209	-0.8095800162843483	-0.6583212052414089	0.5187449448503416	1.7182841823722257	0.3590166257301027	-1.158462430320289	-0.0501101403168372	-0.403334046658737	0.3631932589414904	0.2637831864934047	0.0446679547936534	-0.4946644347153914	-1.1061505091236132	-0.7203505865118773	-0.2681453032924284
0.055884732	-0.0392723436	-0.1078503968	-0.0030208347	0.0213737343	0.0527399195	-0.0863869029	0.071680649	-0.0489959873	0.0208578319	0.0096019025	0.0	0.025351362669383	-0.077971870035185	0.1583977629457962	0.001688884366377	0.0026698008396117	0.0027132501535207	0.0496254042012699	-0.186879480349711	-0.7784245653723938	0.3577213549085145	-0.0722302955063884	0.7738991060545503	0.0507528737531292	-0.0687281405519415	-0.3475228767348498	-2.295756934724932	1.872250351679277	0.3508700463550925	-1.1171678678255663	1.1955282410801118	-3.051267281653466	-1.0160842029057195	-0.1858331359217439	0.9101550814739836	0.5105057737609017	0.2207820997175068	-1.078761287232058	-0.726134524926887	-0.2015417868658546	-1.5364885210575527	-1.4168414900672917	-0.073658135417916	0.5776556536737973	-0.4495618184080678	-2.042776533310844	1.168887911847108	-1.1135993851794246	-1.177139890555637	0.0561624856902682	2.6385133186632403	-0.7749765066150496	-1.2741191786755508	-0.4283489062211899	0.2818209077863518	0.9361867648810572	1.3593698790130526	-0.1326584112940233	-1.4785777454517466	0.5367478234622658	0.1494602910995944	-0.3410987857278267
-0.1082152032	-0.0191011643	-0.0291528756	0.0380240526	0.0790689666	0.0374644028	-0.0867749746	0.0731498398	-0.0520034083	0.025509965	0.0036064234	0.0	0.0247172780584747	-0.1380323908139615	0.1496744510439498	0.0033661922949222	0.0030238365356827	0.0028629329604351	0.1784692388680611	-0.5301543548228524	-0.16958368727728	1.126084766487818	1.0284413023548735	0.2841235903759969	1.5050878624996824	0.0564169001459935	-0.2162277751447302	0.2057744941719881	-1.4320869699379837	-0.2457592151081099	0.2026960813899364	1.1296909399067938	-1.003138541588254	-0.9079836648451552	0.2432953947279192	1.328929627129959	0.3863039308575372	1.8626762386615996	-1.3137391347939873	-0.963901390493586	-0.3959490143765675	-2.0596324259511865	-1.3279562339152815	0.4816608283352028	0.9744345595067716	-0.7955053177797682	1.099427773402173	-0.0807501879123556	-1.132578353136784	-1.0283728421823175	1.367093472954549	0.3870873152883892	-0.639996794009461	-1.3164900217013618	-0.8520285066069503	1.4708378699081206	2.705556943021274	-0.0822503090328906	-0.1604897754225197	-0.4026994545153938	-0.2743261084780319	-0.0270256508082592	-0.1288832687414486
0.0413590571	0.0088113697	-0.0050623668	0.0903719529	0.1488463386	0.062616156	-0.0871480531	0.0745684769	-0.0549299716	0.0300915909	-0.0024046285	0.0	0.0207152023687484	-0.07521847487628	0.2105865566617097	0.0025257834059001	0.0029681130584111	0.002850267077238	0.1731680097197076	0.0361659930507712	-0.51359377124894	-0.144184543720602	0.396469762537752	-1.2115297770583835	-1.0284101009107076	0.16945677934583	0.9172061059338346	-0.5483381408422504	-0.0270424261341107	-1.1372504777489247	-1.6717572704004666	0.7851074599404102	-0.2795476674851969	-1.7681311664414956	-0.7771925112200574	3.312347873291712	0.3948923060463947	-0.5264061155628691	0.0207038585953984	-0.1700500586783052	-2.046904228033444	-2.2564323889696376	-1.3275423223698084	0.7944358211550435	-0.4157921521212164	-0.3339657908802961	-0.8272225183209021	0.9373683266762431	0.8361423494745612	-0.5191142286742214	1.5008304461958903	-0.4016473015232656	-1.0095457822553089	-1.4592003107518523	-1.3011501395715692	-1.1683969253120725	2.0204207645854377	-1.2635478214419062	-1.1111341926143925	-1.4527596424249716	-0.7037086743939048	0.3307835757292273	0.2424544943692366
0.01945912	-0.0259783849	-0.0050120122	0.0877963481	0.0353179674	-0.0267409474	-0.0875060741	0.07593558	-0.0577711266	0.0345900464	-0.008405297	0.0	0.0152591610645771	-0.1254604679667608	0.1853630687976846	0.003162018510274	0.003662775007472	0.003004729794172	0.1551895107771172	-0.3115838151932165	0.1407128578778504	-1.289544506700071	0.6517931513777162	-0.296060665452021	-1.3356428691980058	0.0508632067336103	-0.6470021944657639	0.0006375020192757	-0.1930880291435162	-0.3736741584457547	-0.5156541993936642	0.8940759450947576	-0.5222333002348639	-0.7562969426647633	-0.3034716228131756	0.0674413589146417	0.4182384367898736	-1.967155849316223	0.538153048772253	-1.5751598239084554	-1.2023363535704288	-2.380054134340152	-1.409520637354486	0.8480172206441937	0.9916932831130773	-0.1315172635683339	-0.7841717157984214	0.2937211083088727	-1.4617333943483188	-0.0778881240692875	-0.5029836137051711	-0.0931692240986774	-0.065942980532462	-1.4225602418215777	-0.6021278402992956	-0.8009129708511517	1.2475871273422248	-0.6838303755754365	1.020127033924044	-0.4950140331908607	-0.678325127868954	0.5125009521676759	0.6220892466380838
-0.0189591294	-0.0389073317	-0.0315869559	0.0645847974	0.0522202875	0.0185131098	-0.0878489756	0.0772502043	-0.0605224558	0.0389928981	-0.0143696711	0.0	0.0247286295573871	-0.1235745785574948	0.1489449330017009	0.0032760687338124	0.0030757956083977	0.003219987420604	0.0935878561502947	0.2182357423083774	-0.7513377614522037	0.5352617356699514	0.9683419098801505	-0.9152563256896268	-0.3493061780310726	0.1205557307767106	-0.2032454754234437	-0.2878403916644727	-1.916795252466173	-0.4836210835271719	0.7981212742893657	0.8192168340822994	-0.008272521255999	-0.6515796618599966	-1.790785713632507	2.040863632338468	0.4570230715192123	-0.2292805643390728	-1.7571421149810915	0.5017286901295122	-1.0080355459052173	-2.1690901744435958	-1.320830304780806	0.7494465177763798	-1.0418004486520134	-0.1827585500296997	-0.3882128675393969	0.4318625980292119	-1.250907134060458	0.602264940235517	2.184386909058264	-0.1410780339988561	-0.7322608215805356	-1.600271086486149	-0.4579629945294866	-0.9004142152932645	1.873526884024147	-2.108358363008244	-1.6234055125415183	-0.8102243809640302	0.911352235075723	0.9232401859594238	1.509680934174448
0.0923948518	0.0014821994	-0.0301031415	0.0614173364	0.1096836307	0.0910529956	-0.0881766985	0.0785114412	-0.0631796814	0.0432879769	-0.0202719962	0.0	0.0039181756167465	-0.0595303500132615	0.2175087859756388	0.0031399175186842	0.0028999083111487	0.0024819619473215	0.2059217347417968	-0.0989108235524087	-0.7163788737220097	-0.6781251048429263	0.5126910713508089	-0.7165086255831904	-1.315131736495924	0.3682557472013494	-2.3639277864627064	-1.7153172731433204	-0.0058107441253494	-0.390113577936535	0.1734015298284731	0.5539008792046507	0.734879370366298	-0.5447192400627888	0.5378632727007516	0.5390884017654715	0.2268489284249995	-1.0378951582892233	0.6258617898836786	1.2978452835041965	-1.843798404865514	-1.6994150914384567	-1.1779050051292408	1.1522929573459773	-0.8739888608881011	-0.2316197257912432	-0.9607922760307523	0.8636900858586695	-0.2385764385743888	2.020486816601234	0.3089982727916259	-0.1872111232426241	-1.3518992341552287	-1.7809635879559096	-1.9007260885196688	0.993793399695209	0.0961360356749905	-0.4564584521551643	-0.922134619004994	-1.444801530946963	-0.643332207432978	-0.5901008649924461	0.9493038117873864
-0.0249858193	-0.0221608421	-0.0209251685	0.0057112348	0.0035257788	-0.0131007218	-0.088489186	0.0797184191	-0.0657386716	0.0474634117	-0.0260867859	0.0	0.0072709763401377	-0.1181662921583353	0.182070341197587	0.0039474506908365	0.0031381508633931	0.0025963259641312	0.1554341747068367	0.1390219699267895	-0.702395653769222	-0.0493175685966151	0.7239764056523151	-0.5213887263508884	-0.0609505760864094	0.1501482043155598	-1.0069471571856747	0.0898745249024698	-0.3697979775786619	-0.7889813688899754	0.2097921151924637	0.9674992641348568	0.3116509792964507	0.3011912754372582	0.5843509272288907	0.4153794040029364	0.3169234214897501	-0.4078564211699397	-0.3003598994554585	0.4216291125622438	0.0614770829360123	-2.251768746820251	-1.2578842146952969	0.9822211603597992	0.1927894789897405	-0.2239531069104124	-0.6106372660415184	0.599202033596816	-1.449354539916219	0.7838418404274267	-0.5129477215133477	-0.0628035731853399	-0.7016999265949059	-1.7014846673919246	-1.5587095725238649	0.1804643040032578	-0.9369356841556656	-0.42293278553254	-0.0496759215415483	0.4472353005804195	0.1893285223936976	1.0641433140817589	-0.0237860405989363
0.0015946981	-0.0228705474	-0.0026721864	0.0523657356	0.0057877666	-0.0216471234	-0.0887863842	0.0808703038	-0.0681954477	0.0515076619	-0.0317889315	0.0	0.0080808564978127	-0.0801799395809723	0.2002812060501213	0.003026833201914	0.0034721055358946	0.0026997634684692	0.1249075808756723	-0.5226172012302216	-0.0315709633782475	-0.3187803700425048	0.4136416324244255	0.0449870208125097	-0.3277464083943115	0.2045485226932495	-0.9803112907943442	-0.6322415311441707	-0.1887878232058815	-0.3061578584690373	-0.181738621445064	0.9326008202192112	0.4355979659662349	0.2183521570041383	0.3041741737351446	0.0713896420078271	0.4417004463127637	-0.1762292914572782	-0.7446592217952235	1.7607911343499134	1.3828416643218395	-1.8045749932361903	-1.153273739844182	1.1030281846871748	-0.4985080875330542	0.3641738134591764	-0.5050180176237127	0.5809642860879375	-0.6001779562407604	1.3238694912081896	-0.2658000463485134	-0.122743557197809	-0.0365596736666434	-1.728680107221296	-1.0604798685586856	-0.7329131645220618	-1.2550884809735274	-0.8958833617341239	-0.1336566398413795	-0.2422481405553932	-0.8390027787137809	-0.337380325708399	0.0889600792676258
0.0893150617	-0.0346083507	-0.0965398312	-0.0870708459	-0.0523247481	0.0266505358	-0.0890682417	0.0819662993	-0.0705461896	0.0554095495	-0.0373538109	0.0	0.0080402764913571	-0.0829003617804176	0.1608995169414981	0.0027812486834282	0.0034219839473248	0.0024932556798271	0.067253386099409	0.363602844161571	0.4466533248982631	-0.1986344059874169	-0.0114281186283228	-0.2879682441022556	-0.615284751651002	0.4988573206563171	0.1595297938998315	-1.6059769008838722	2.174731211477675	-0.6762829723299958	-0.9927148547569796	1.046195637593412	0.3834594548035939	0.7059586299851341	1.5477846220240217	-0.1027768739118564	0.4537756019911057	2.820500215507947	0.5290667762298217	2.161700768437236	1.249079012457048	-0.6496982998615982	-0.9738992265981252	1.2122868980075303	0.7104216581260488	0.5812693651610664	1.4976507079967691	0.8579121699386779	-0.7258102351013602	0.7318223915700134	1.5701805074127668	0.6153313662332409	0.8344771067798221	-2.207472603251027	-0.8377669605305141	0.4151836093509753	-0.7521937862381933	0.5939898645402631	0.5538534155820684	0.9344036623361052	1.0551565242559553	-0.1106950652435196	-0.3305585012072858
-0.088471251	0.0461769787	-0.0836628931	-0.0287308818	-0.0592148194	-0.0923525203	-0.0893347099	0.0830056482	-0.0727872424	0.0591582902	-0.0427573947	0.0	-0.0121937581872657	-0.1084949733324691	0.1183955661451534	0.0027328816964619	0.0033733693387323	0.0024539046379051	0.095149228901059	-0.0195524504536792	1.3562335815706466	0.7321289279308819	0.8263439865043706	0.9328994668719436	1.4068678236347456	0.7720481301552284	-0.7769621109748974	-0.7268986283161194	-0.9026467613051596	-0.4830165337127018	0.2812652794929025	1.1378016539712656	0.7255588354605622	1.805401170946444	0.9256559132724104	-0.6491385789317622	0.2737319274569092	-2.263384104489917	-1.1956815378014365	1.3685184184595856	-0.456259971611397	0.5526712265396871	-0.5899321813134734	1.3662593726650727	0.6346637422878874	0.0021781921034701	0.5397667495752309	-0.4812620766907112	0.1122841876307468	-0.2226125823558463	1.3915354097688306	-0.1966701122060403	2.098767975189473	-2.057372132414495	-0.9527529164040016	-0.2192444866568016	-0.1495165837757448	0.8002572232049728	0.2827683744293796	0.9111316268816672	0.7229681481237697	0.8130024893292473	0.1614183064440613
-0.0002035746	0.0438922419	0.0047815455	0.0538089781	-0.0522983809	-0.0541409863	-0.0895857427	0.0839876321	-0.0749151215	0.0627435226	-0.04797635	0.0	-0.0169793368724668	-0.0787525142389284	0.1955190444531496	0.0027352139707869	0.0035748057666269	0.0024061300704911	0.1242286795684179	-0.5497407803126549	-0.3677855585948081	0.0242576159425332	0.3110986659595662	0.7371988387927427	0.2232685121234009	1.0850057547663978	0.6605525894827576	-1.7090675514586762	1.1695310721424823	-0.1618353293551575	0.8349473186671511	0.991214330780286	-0.1691446891007892	0.2613186303560791	0.5052824188200185	0.256305945370596	0.3178557003538267	-0.5598770483058352	0.3688640917196232	-0.15580102450315	1.7378048828090211	0.6879934428769579	-0.3458950821804418	1.505278936555927	0.1522007864528985	0.1741748966461912	-0.4115684665919152	0.3631613237296048	-0.3884984378240816	-0.6488592967468934	-0.5455786416898087	-0.3594490886578155	-0.6729785021554257	-2.080074869842117	-0.6773349984810012	-0.5529709879433814	-1.2620506844691015	0.1827041045277816	1.1780294984553707	-0.3655048927865366	-0.7252736576074726	-0.1770429601247869	-0.3945621817549328
0.0447176291	0.0160687759	-0.0471216604	-0.0129058536	-0.0967218115	0.0195329162	-0.0898212967	0.0849115724	-0.0769265184	0.0661553376	-0.052988141	0.0	-0.0144562211977188	-0.1184597409981904	0.1354509429218211	0.0027352210570254	0.0036837034802401	0.0023299768894682	0.1115513430090685	-0.1757065543545563	0.654568844538383	-0.343686934794869	0.3038589619867465	0.6225998979278154	-0.1767761322069645	1.3149007307138842	0.2166718130077318	-0.6957464918486811	1.6088473275520712	-0.2016037707611458	0.083730568035357	0.9991674342328032	0.233723180765233	1.6032101078921144	1.0079067079986102	-0.72897858768068	0.0781551115543231	0.757348137384247	0.1696584078378755	0.2106011771151231	0.6670039814508176	1.4809277299483108	-0.3099852890808759	1.3680720612270838	-0.2820367209239919	0.2734318507829285	0.7093512282249149	-0.2929864405143566	0.1157341972104352	-0.543797242914979	0.4303987933224319	0.8878992451092439	1.145346914751184	-2.349592962785171	-0.5043144283255526	-0.0150627624508895	0.9270744068504074	1.197687182134734	0.8973415329525432	1.2878290017721226	0.4393200555702495	-0.258888331881954	-0.3671426314657251
-0.1051102339	0.0224086255	-0.0240011817	-0.0293291183	0.0014015842	0.0986601996	-0.0900413312	0.0857768306	-0.0788183057	0.0693843053	-0.0577711266	0.0	-0.0154632049772374	-0.137749376322759	0.1544861446153191	0.0037722647432023	0.004169305176235	0.0025271599144175	0.1253232411536401	-0.3625278419526628	-0.8579210424307936	1.047770113443443	1.0431764175832068	0.1458543385295146	1.768885238884563	1.1528852688302142	0.8507691534436138	-0.0987578535803648	-0.956213425134678	-0.3476420175177008	0.05784040558531	1.205774416643124	0.0489564695028524	0.0107180085217063	-0.6824583065287712	0.666554750469714	0.0713724309949118	-0.7154882099389854	-0.9268241537326624	-0.9405748445883272	-0.6516649922430547	1.4414330698069082	-0.1784062940208773	1.3995412144517083	-0.5380027940930474	-0.3010523244256674	-0.3604208071809062	-0.8046789659068109	-1.3590108085434045	-1.3337994305454703	-0.0648673372209474	0.236154356009105	0.051170073857735	-2.176527625690005	-0.4670939221383641	0.2081620531031673	1.3036521373065693	-0.0796484303774971	-0.3785912065231336	0.2539829925220785	-0.1991074367480206	0.9263401287836828	-0.9254550199841004
-0.0132785487	0.0166739109	0.090646837	0.0872121921	0.0462984251	0.0423303555	-0.0902458083	0.0865828087	-0.0805875418	0.072421501	-0.0623046536	0.0	-0.018555416777616	-0.1176071072670765	0.1958777573076418	0.0033950426229754	0.0038519753658965	0.0023269790007293	0.1093627357610637	-0.4155204731559019	0.3650797932059121	0.9493484451581952	0.9324970701195175	-1.1670246391294838	-0.5878201334325933	1.3960829824070928	-0.0037776832104368	0.5122734900991038	-0.3844235409214063	-0.7482800580162884	-1.009423125694089	1.2596528332429977	1.000378542103618	-2.270643000560808	-2.3306386381455986	0.3409915497761292	-0.3487123168259363	-0.4280808353458601	-0.6186410199182927	-0.4815116605536924	0.7862487120824417	1.3650945974365187	0.2041273448104184	1.0373236652652034	-0.7125307907177018	-0.2563845154819921	-0.3412508873593892	-0.4146355947165269	0.816260330987831	-0.3736302191971608	0.1796084395561921	0.3297369172906801	0.3849427186300442	-2.3010663909101137	-0.873041016270947	-0.0339573441347703	1.7013284984275698	-1.2663472875392745	0.592686782773847	-1.4311131086938296	-1.0209177875673143	0.4144043077764842	1.3324023253960249
0.0732745527	0.0201114401	0.002863495	0.0086247577	-0.0349025242	0.038202364	-0.0904346925	0.0873289498	-0.0822314759	0.0752585301	-0.0665691461	0.0	-0.031893307351055	-0.1040707445625628	0.219669649066617	0.0031300628580066	0.0037554009837172	0.0018406340324886	0.0930611008063679	-0.3383012027531124	-0.2586299762211718	-0.0095391805967157	0.4561736734655722	-1.32568509854132	-1.063371134549483	1.582810058930202	-0.1066307989538243	-0.0722311749396089	0.7945272464384227	-0.6492005333980253	-0.0714427899650321	1.311100851627405	-0.3931730708768655	-0.8139906405856635	-0.3575803303526415	0.5320054069483854	-0.4993157212743289	0.2112852951151692	-0.4945657083092165	-0.6293233382677135	-0.5023191159299883	0.8759521428475332	0.2433102201927983	1.0340827828165524	-1.015899364865788	-0.188895736273901	-0.710478860974222	0.7186251431448807	-0.5830718173864811	0.1563709641942606	-0.7790863614388949	0.8359355929695482	-0.7285895901947165	-2.461457140615825	-0.6069714692736805	-0.0030079823804511	0.6126151538689275	-0.6731373314104724	0.981077418861	-1.27194259791003	-0.2218562752162674	0.3031464616373878	1.051107339150328
-0.0842306457	0.0152423329	0.025283423	0.03230403	-0.0078216981	0.0330383511	-0.0906079513	0.088014738	-0.0837475519	0.0778875515	-0.0705461896	0.0	-0.0187775971738659	-0.1345689502714577	0.1841391189942101	0.0043644874256784	0.0042068053581729	0.0026408464738815	0.2034465151345109	-0.2923337248065383	-0.6492266544895965	1.2639769668201029	1.1706376352080856	0.3168292597745837	0.7371652853633588	1.4461370665316573	-0.6400014262710425	0.9151507401870448	-1.7534094300876673	-0.1822694104166256	0.4430256812836604	1.099127448653912	0.1244689814716245	-0.5330906448801477	-0.1846728626239322	0.8847781216626251	-0.2661855973276856	0.3534592072153625	-0.8170210795929332	-0.3046997326742142	-0.6081553367957805	1.17405496414287	0.1768068518172269	1.1490695865406433	0.0386904159542803	-0.4289110846276555	-0.2389551338701077	-0.0097930343493504	-0.974389260927706	-0.6593399404571146	0.1804268254108148	-0.1108644005079776	-0.8428950434604983	-2.073668846459856	-1.0115089510081616	0.5519655314917734	0.4088650692314281	-0.1944798998326928	-1.040771655206978	0.3237020106830215	-0.3842848341825493	0.3260996432478384	-0.1587260791296643
0.0981489091	0.0419708529	0.0300864838	0.0479403337	0.0077822877	0.0231345816	-0.0907655546	0.0886396995	-0.0851334125	0.0803012987	-0.0742186113	0.0	-0.0267212435538084	-0.0476901848034856	0.2259700822829273	0.0029590884762555	0.0039362326560417	0.0025061898891164	0.2271847869525918	-0.2369785710768602	-0.8856477398940288	0.3878776737577758	0.1808085603681858	-1.1577044550218374	-1.6833301854575649	1.237956383228266	0.2385738531832154	-1.0467797779394752	0.215561924699641	-0.7811621312957832	-0.1633374627783841	0.9615847511466382	0.3254865452607367	-1.128992702542946	-0.9020826779489248	1.1405885833897416	0.0492846714678712	-1.939620173997446	0.4004899628096399	1.1570430393357722	-0.4342971592208635	1.384863194988888	-0.130650570503342	1.4627141494928615	-0.9639888828788472	0.3188689210644138	0.5922234437683793	0.7928683841823005	-0.5295893055011327	-0.3684280204658704	-0.1929491034505486	0.0401669779948459	-0.6126877034392255	-2.360011559389578	-1.2004068825813992	-0.6611533403914351	-0.3507784469254897	-0.707447750054782	-0.3464838445426199	-1.0054521955474618	-0.982999996443648	0.0758694295568431	1.1900233354294258
0.0152946727	0.011967022	0.0004463098	-0.0545824365	-0.0977405072	-0.0173300898	-0.0909074754	0.0892034024	-0.0863869029	0.0824931004	-0.0775705533	0.0	-0.020573992959683	-0.116932898516211	0.1517890385341758	0.002959223334506	0.0037564023722069	0.0022849564457325	0.1696309373290623	0.1769095458570582	0.6537672929196223	0.0049190797942426	0.5175787568588515	1.0457048701587788	-0.113510749129458	1.1879096673328946	-0.2672066560612051	-0.0033864557809676	0.4865124845085681	-0.2324077425899553	0.4578730905503785	1.07143538487963	0.4367371361219668	1.203150980066675	1.4747337396978124	-0.1245299578358801	0.0174696167075073	0.035060691384907	0.1003916460679931	1.2341217624864096	-0.2532321204551482	1.779273835805581	-0.1388092239499214	1.478318570166612	0.0334906119916647	0.1931649918670159	0.6753840671194065	-0.0555667196075552	-0.0583330646525573	-0.3953983102234617	0.7401472949319206	1.3723682221539928	-0.1530885334689769	-2.60471801261627	-0.1796746254904247	-0.4327763006562565	-0.227411117697758	0.3947543577220402	0.4704761184891944	0.9572753756752626	0.3132091384838806	-0.2090584272574832	-0.0474036179375323
-0.0669789005	0.0287085542	0.0393695985	0.0126660142	-0.0321285539	0.0266691961	-0.091033689	0.0897054572	-0.0875060741	0.0844568986	-0.0805875418	0.0	-0.0094361320191183	-0.1127354442408261	0.1699728839567029	0.0036701481568679	0.0040439635877858	0.0024131031295439	0.0898507967260867	-0.1523337867669745	-0.6003475335734791	0.7876634879171377	1.001337701992624	-1.7206787242844956	0.8031456868567279	1.3506369545742565	-0.5024004909938068	-0.4721247868049551	-1.358433798161529	-0.60981126271959	-0.5944326872388414	1.1151586167443843	0.7151230254392449	-0.0612262580585389	-1.2108827137281262	0.2455536420073382	-0.4284774436038486	-0.3796607482581373	-1.5690296323780253	0.0989845305616381	0.1498416623007188	1.082658039430913	0.1914078461039318	1.1530107305381558	-0.9332747730253468	-0.1849653169806988	-1.960803665737161	-0.2482025104554214	-0.9022197905422646	-1.1561951856107602	0.1055804124509856	0.064981583492333	-0.2679122794800003	-2.218031047494049	-0.9741766828145614	-0.2689278017575077	-0.3330210497366246	-0.2223137075268119	0.0555585097180892	0.5962026531828615	0.0996471877520159	0.2729577482854657	0.7833066313703384
0.1019833604	0.0515541189	0.0108068831	-0.0496107868	-0.0422926756	0.0018184362	-0.0911441736	0.0901455167	-0.088489186	0.0861872655	-0.0832565493	0.0	-0.0096395169055512	-0.0474416330308429	0.1881610453146862	0.0033523896534991	0.0034220701307721	0.0024162841936695	0.1308270086798043	-0.195110334212132	0.8548410636555052	-0.0779657564845917	0.1529228947572202	0.6220097785398853	-0.868470825916092	1.650358031637836	-0.8710762529366122	-1.7930723752544468	0.9047155279754232	-1.0342869697870956	0.6467423420498472	0.9088048839334998	0.4665981755023016	-0.4144968931131694	1.0234925589154031	-0.4025691498364233	-0.7540417563342572	0.0429466945327259	0.5751179141130971	0.4837092345174275	0.4938670158772312	0.773014227205724	0.3223780907095119	1.0689170427426524	0.7334099463084298	0.2875360927279582	0.1524684263364459	0.9554830809083276	-0.0685618115391378	-1.39773560531741	-0.7434157438616423	-0.8209302867289568	-0.7153145267996516	-2.290378183325789	-1.0281348740499423	0.472608258107547	-0.6756574076557464	1.2978389674006918	2.117690018597038	0.2614505913154122	1.1067342103920237	-1.0851460014163277	0.9721056977193036
-0.0449679993	0.0261798623	0.0247473786	-0.0433235696	-0.0952693272	0.0493669543	-0.0912389102	0.090523277	-0.0893347099	0.0876794186	-0.0855660509	0.0	-0.0097188174223532	-0.1201285901673543	0.1475790800358396	0.0038340924180363	0.0037590555097926	0.0023608129553228	0.1570561920273799	-0.1260156275957776	0.3468561697234728	0.3381036851081456	0.5862328233344346	1.5522236601709547	1.314696398191181	1.5961181638371766	0.2486575739431899	-0.0727349001413902	0.8345344380405891	-0.2726621478075647	0.3544516845657626	1.1853472260321236	0.6684188505968557	0.9503275906479924	0.4077290788780918	-0.1596079375002934	-0.7810891629487521	-0.4411219015951891	-0.1249359771640319	0.0192976492967723	-0.1108998968920916	0.4130654131731084	0.4779700659066107	0.867237817515044	0.9246630784591836	0.0991637195113483	0.2885979275031637	-0.331429468270869	0.0456858553950007	-1.3753506914162463	-0.0849040183502809	-0.1673958262594714	0.9576356889860952	-2.1309381278521777	-0.4759255907141468	-0.8006781388693621	0.2862031981549167	1.2014855708527392	1.629464191802941	1.6615287733896813	0.8659627364037149	-0.5857142819664831	-0.2008354459798802
-0.0567398778	0.0018696511	0.0199018561	0.0385361765	-0.0504800623	0.0228551434	-0.0913178824	0.0908384769	-0.0900413312	0.0889292336	-0.0875060741	0.0	-0.0095625936006626	-0.1279576095666215	0.1698710204618407	0.0039752117036149	0.0041675951701365	0.0027967428883452	0.0795566275942039	-0.3418787982846805	-1.066523729834806	0.8262031571665117	0.8035428543844038	-1.3236359308497667	0.7758818632277802	1.4948603686730704	-0.0993706522173454	0.0148631531225804	-0.530661998487596	0.2660512246248378	-0.5339586400777906	1.2219889187963675	0.2107611044724303	-0.160645125011305	-0.9154960370299252	0.3691514427268009	-0.918513170847128	-0.3819033068663441	-1.8349119196019563	-0.1352155795568117	0.0737866795544168	0.3786423036609597	0.4442610988076062	0.7725638763336958	-1.142137833775554	0.1995738223946956	-1.2050036135614288	-0.9216083863735128	-0.2573465875067513	-1.7155135964800572	-0.7582137764563022	-0.2869244039869995	-0.5022247996752364	-1.8975371996570447	-0.0433883175034782	-0.1336899865519094	0.0942421440741295	-0.2784578327440113	-0.158918155069292	0.2205838083895298	-0.3021737587600199	0.7300192437688326	0.1251747508648164
0.0868134296	0.0448097108	0.0656317182	-0.0273643666	-0.0351970464	0.0043339223	-0.0913810765	0.0910908987	-0.0906079513	0.0899332563	-0.0890682417	0.0	-0.009243476740977	-0.047742686684657	0.2171757186139871	0.0030837597513446	0.0037570189904085	0.0022682230057951	0.2193661386212165	-0.0174188716094405	-0.3561705519413428	0.8655608137537909	0.0332131012252967	-0.731548955201589	-0.574319561045001	1.3803839579655992	-1.4266558526796491	-1.8719171195016688	0.7614884061351708	-0.4209323668642031	-0.6632709814144507	1.3531730284164665	0.6575352214057025	-1.4051481303156457	0.3328535558875599	0.0074859038949259	-1.3690758052525207	0.2030578588797907	0.2677936629761003	0.723333662686239	-0.3703626758105069	0.2562267820665299	0.6327478502615352	0.5690823087606565	0.6748739704486127	0.2781326135762121	0.890258584541623	0.4106658232520273	0.1905492685196301	-1.652107508295687	-1.7703863229531551	-1.087747053180539	-1.1099504179214907	-2.165315847357879	-0.5538721370890859	0.5958272200227327	-0.167678818155097	-0.2055904050900474	0.790518403258976	-1.472053626978566	-0.921895101153518	0.6460009223577128	0.654027877221126
-0.0195828457	0.0355673742	0.0627676761	-0.0454966552	-0.1017377346	0.0399594988	-0.0914284817	0.0912803678	-0.091033689	0.0906887116	-0.0902458083	0.0	-0.0188034150935294	-0.1192204997236388	0.1532258251190228	0.0037289902710166	0.0037590284809296	0.0024140108540304	0.1846390378079185	-0.0878664112883651	-0.2579350709885032	0.4860609737630353	0.712477142316849	-0.3702113788512553	0.5563564565119081	1.004415967198414	-0.4432673028060436	-0.4388924407600345	0.4821767532792995	0.3944252425895341	-0.2058362351230285	1.448597970952329	0.2428701735134047	0.2298765720740538	0.0901345992806112	-0.5096590326071814	-1.768405615979388	-0.6546731346073766	-0.2473292808413227	0.4273274987195407	0.0149332726379097	-0.3628242071511506	0.772831991268248	0.1539731685990492	0.2577884095192604	-0.1863893092616331	1.0673310363420685	0.1753287160338984	-0.5450881500593705	-0.3259648181914456	-0.6319927302478786	0.6253965102355395	-0.241418814618691	-2.1807375932296758	0.3709211058001199	-0.0968267717136137	-0.0559466236036643	0.4096696709491676	0.7897033055944515	0.5793858245864107	-0.3095752174908561	0.638651105581727	-0.3786172461547138
-0.0719331879	0.0013272316	0.1171149669	-0.0065472451	-0.0311838273	-0.0105949094	-0.0914600897	0.0914067533	-0.0913178824	0.0911935115	-0.091033689	0.0	-0.0146798396680907	-0.1320461106104602	0.1429211857362986	0.003550916112814	0.0041533335815844	0.0027031461795533	0.0703295549139992	-0.103558179901017	-0.9712482834573856	1.4857175600591372	0.9634359872622272	-0.7760539538382288	0.4278046598161885	0.1933199527446804	0.4527966577188466	0.1256340354627367	-1.122800298686348	0.1795595344750812	-0.5231714990921159	1.4120155167192914	0.5872598798834567	0.2476507903967647	-0.2896454477502804	0.2980098283092534	-1.940128899452965	-0.7649452158210192	-0.6692104053116497	-0.3022902400088101	1.679113528752379	-1.4130979021604209	0.7964276753267311	-0.0835799187140224	-0.5550722666354944	-0.1293255932935752	-1.5149316040201917	-0.9065543843997736	-0.429881684693605	-0.6914875191244381	0.3064149124401085	0.5499306158863821	-0.4136759500902418	-2.13266481206615	0.1996024069485744	0.0036932349243014	0.7083599660745744	-0.2932863411162127	-0.9293139641139768	-0.2255093208977926	-0.4832232971350615	1.5793004041431933	0.5019656778341399
0.013714971	0.0012263727	0.1351110847	0.0093762329	-0.033819959	-0.0501942974	-0.091475895	0.0914699679	-0.0914600897	0.0914462607	-0.0914284817	0.0	-0.0002899732061649	-0.0874047515667371	0.2124877286530875	0.0026676316190297	0.003964970696789	0.0022122224511095	0.2067263237736128	-0.2702295094125812	-0.2302915227100118	0.518805025266528	0.4648534637174938	0.4162068900730427	-0.926573297163799	-1.1775364335240253	0.050048203266667	-1.7631863448212723	-0.985152748477136	0.1170806916809567	-0.7646246669043595	1.3696596552761375	0.7518177899779427	-1.1910074839090954	-0.2280165440433163	0.4986026875306236	-1.9005237382125888	-1.126149437452134	-0.2890335148324707	-0.0975656979403769	1.3246223030684672	-0.0318601280310406	0.8810586438057119	0.0509005415164098	0.1804191274971002	0.2795056151606403	0.5361952837047658	0.1326898057928636	0.3889998146584977	0.3422639188635969	0.8384346288582031	-1.137826251661029	-0.6873409082115743	-2.2510360317619664	-0.0844300655171902	-0.304087232087056	-0.256229757796657	-1.468430883263557	0.3486744593418588	-0.8943261567623367	-1.0609331203826775	-0.1109145110509003	0.4283255852799388
